# Time(ps) Step E_pot(kJ/mol) E_kin(kJ/mol) Temp(K)
  0.000000      0      -1.25827760e+02       2.39456448e+02   295.3846
  0.000000      0      -1.26077613e+02       2.39589976e+02   295.5493
  0.010000     10      -1.29837226e+02       2.43344180e+02   300.1804
  0.020000     20      -1.34048604e+02       2.47566315e+02   305.3886
  0.030000     30      -1.49134648e+02       2.62615875e+02   323.9532
  0.040000     40      -1.47630679e+02       2.61086932e+02   322.0672
  0.050000     50      -1.34810312e+02       2.48263189e+02   306.2483
  0.060000     60      -1.48790549e+02       2.62199141e+02   323.4392
  0.070000     70      -1.74335108e+02       2.87741245e+02   354.9470
  0.080000     80      -1.68754602e+02       2.82252745e+02   348.1765
  0.090000     90      -1.72059460e+02       2.85547804e+02   352.2412
  0.100000    100      -1.73371214e+02       2.86839740e+02   353.8349
  0.110000    110      -1.61465718e+02       2.74977778e+02   339.2024
  0.120000    120      -1.60097787e+02       2.73600360e+02   337.5033
  0.130000    130      -1.59791926e+02       2.73291446e+02   337.1222
  0.140000    140      -1.54756204e+02       2.68252369e+02   330.9062
  0.150000    150      -1.49461596e+02       2.62949989e+02   324.3654
  0.160000    160      -1.55669436e+02       2.69157781e+02   332.0231
  0.170000    170      -1.57511693e+02       2.70999900e+02   334.2955
  0.180000    180      -1.53533282e+02       2.67026163e+02   329.3936
  0.190000    190      -1.55410087e+02       2.68897300e+02   331.7018
  0.200000    200      -1.47750036e+02       2.61216423e+02   322.2269
  0.210000    210      -1.44103997e+02       2.57565175e+02   317.7229
  0.220000    220      -1.44850426e+02       2.58332744e+02   318.6697
  0.230000    230      -1.38458727e+02       2.51926242e+02   310.7669
  0.240000    240      -1.32704003e+02       2.46209702e+02   303.7152
  0.250000    250      -1.39734514e+02       2.53220587e+02   312.3635
  0.260000    260      -1.26451615e+02       2.39964045e+02   296.0108
  0.270000    270      -1.25602046e+02       2.39099081e+02   294.9438
  0.280000    280      -1.25745448e+02       2.39244425e+02   295.1231
  0.290000    290      -1.19619441e+02       2.33129722e+02   287.5802
  0.300000    300      -1.18802447e+02       2.32310928e+02   286.5702
  0.310000    310      -1.20654401e+02       2.34155570e+02   288.8456
  0.320000    320      -1.18100392e+02       2.31605960e+02   285.7005
  0.330000    330      -1.14985209e+02       2.28486727e+02   281.8528
  0.340000    340      -1.09338562e+02       2.22832803e+02   274.8783
  0.350000    350      -1.03364277e+02       2.16884427e+02   267.5406
  0.360000    360      -1.13834426e+02       2.27328924e+02   280.4245
  0.370000    370      -1.14057073e+02       2.27561690e+02   280.7117
  0.380000    380      -1.12188198e+02       2.25692285e+02   278.4057
  0.390000    390      -1.10516538e+02       2.24022011e+02   276.3453
  0.400000    400      -1.11071119e+02       2.24577975e+02   277.0311
  0.410000    410      -1.10826737e+02       2.24333076e+02   276.7290
  0.420000    420      -1.10431433e+02       2.23935683e+02   276.2388
  0.430000    430      -1.16083926e+02       2.29573780e+02   283.1937
  0.440000    440      -1.15352770e+02       2.28860484e+02   282.3138
  0.450000    450      -1.15791552e+02       2.29290862e+02   282.8447
  0.460000    460      -1.11215259e+02       2.24707359e+02   277.1907
  0.470000    470      -1.12391200e+02       2.25870587e+02   278.6256
  0.480000    480      -1.09326000e+02       2.22837072e+02   274.8836
  0.490000    490      -1.17123792e+02       2.30610863e+02   284.4730
  0.500000    500      -1.15387543e+02       2.28895986e+02   282.3576
  0.510000    510      -1.12033469e+02       2.25535024e+02   278.2117
  0.520000    520      -1.08526610e+02       2.22038932e+02   273.8990
  0.530000    530      -1.12260495e+02       2.25765955e+02   278.4965
  0.540000    540      -1.15326637e+02       2.28829159e+02   282.2752
  0.550000    550      -1.11855556e+02       2.25358978e+02   277.9945
  0.560000    560      -1.10262844e+02       2.23762409e+02   276.0250
  0.570000    570      -1.09857158e+02       2.23356564e+02   275.5244
  0.580000    580      -1.08867213e+02       2.22375131e+02   274.3137
  0.590000    590      -1.12318536e+02       2.25819827e+02   278.5630
  0.600000    600      -1.11604795e+02       2.25114469e+02   277.6929
  0.610000    610      -1.13767202e+02       2.27269358e+02   280.3511
  0.620000    620      -1.12357950e+02       2.25850747e+02   278.6011
  0.630000    630      -1.05945704e+02       2.19449392e+02   270.7047
  0.640000    640      -1.08198745e+02       2.21697240e+02   273.4775
  0.650000    650      -1.06511977e+02       2.20020092e+02   271.4086
  0.660000    660      -1.10197063e+02       2.23691033e+02   275.9370
  0.670000    670      -1.09312176e+02       2.22821827e+02   274.8648
  0.680000    680      -1.07780417e+02       2.21268058e+02   272.9481
  0.690000    690      -1.05258913e+02       2.18761509e+02   269.8561
  0.700000    700      -1.06778588e+02       2.20269883e+02   271.7168
  0.710000    710      -9.85122333e+01       2.12029677e+02   261.5520
  0.720000    720      -1.02616535e+02       2.16116466e+02   266.5933
  0.730000    730      -9.96653680e+01       2.13173340e+02   262.9627
  0.740000    740      -9.68609971e+01       2.10370069e+02   259.5047
  0.750000    750      -9.59012088e+01       2.09408979e+02   258.3192
  0.760000    760      -9.50339581e+01       2.08541405e+02   257.2490
  0.770000    770      -9.40468531e+01       2.07557414e+02   256.0351
  0.780000    780      -9.56422109e+01       2.09150996e+02   258.0009
  0.790000    790      -9.77267233e+01       2.11230438e+02   260.5661
  0.800000    800      -9.32970768e+01       2.06796073e+02   255.0960
  0.810000    810      -8.89243435e+01       2.02429256e+02   249.7092
  0.820000    820      -9.51012901e+01       2.08598147e+02   257.3190
  0.830000    830      -9.53620474e+01       2.08867873e+02   257.6517
  0.840000    840      -9.21490748e+01       2.05656309e+02   253.6900
  0.850000    850      -9.06557281e+01       2.04166796e+02   251.8526
  0.860000    860      -9.32279939e+01       2.06733744e+02   255.0191
  0.870000    870      -9.31781733e+01       2.06681195e+02   254.9543
  0.880000    880      -9.09343989e+01       2.04426344e+02   252.1728
  0.890000    890      -9.38522971e+01       2.07340916e+02   255.7681
  0.900000    900      -9.88074177e+01       2.12311856e+02   261.9001
  0.910000    910      -9.71732429e+01       2.10675130e+02   259.8810
  0.920000    920      -9.16577528e+01       2.05168590e+02   253.0884
  0.930000    930      -9.03056715e+01       2.03813965e+02   251.4174
  0.940000    940      -9.16473095e+01       2.05154684e+02   253.0712
  0.950000    950      -9.23571019e+01       2.05863552e+02   253.9457
  0.960000    960      -9.06332918e+01       2.04141668e+02   251.8216
  0.970000    970      -8.88589894e+01       2.02367770e+02   249.6334
  0.980000    980      -8.83044242e+01       2.01813637e+02   248.9498
  0.990000    990      -8.94727192e+01       2.02980872e+02   250.3897
  1.000000   1000      -9.09844361e+01       2.04491130e+02   252.2527
  1.010000   1010      -9.09386383e+01       2.04446640e+02   252.1978
  1.020000   1020      -9.18030897e+01       2.05313657e+02   253.2673
  1.030000   1030      -9.60283119e+01       2.09534690e+02   258.4742
  1.040000   1040      -9.80050706e+01       2.11507261e+02   260.9075
  1.050000   1050      -9.32635281e+01       2.06761420e+02   255.0532
  1.060000   1060      -8.94567680e+01       2.02962093e+02   250.3665
  1.070000   1070      -9.21950719e+01       2.05695754e+02   253.7387
  1.080000   1080      -8.84405671e+01       2.01947832e+02   249.1154
  1.090000   1090      -8.58544198e+01       1.99363627e+02   245.9276
  1.100000   1100      -8.69249907e+01       2.00427894e+02   247.2404
  1.110000   1110      -8.34802861e+01       1.96986237e+02   242.9949
  1.120000   1120      -7.89668970e+01       1.92477577e+02   237.4332
  1.130000   1130      -7.88407369e+01       1.92348411e+02   237.2739
  1.140000   1140      -7.90370418e+01       1.92544871e+02   237.5162
  1.150000   1150      -8.02527187e+01       1.93760300e+02   239.0155
  1.160000   1160      -8.18312905e+01       1.95336375e+02   240.9597
  1.170000   1170      -7.86387840e+01       1.92142857e+02   237.0203
  1.180000   1180      -7.76078345e+01       1.91112539e+02   235.7494
  1.190000   1190      -8.31113693e+01       1.96616981e+02   242.5394
  1.200000   1200      -8.68912473e+01       2.00382994e+02   247.1850
  1.210000   1210      -7.92670296e+01       1.92793585e+02   237.8230
  1.220000   1220      -8.50471843e+01       1.98549920e+02   244.9238
  1.230000   1230      -8.45990873e+01       1.98108533e+02   244.3794
  1.240000   1240      -8.63323118e+01       1.99836733e+02   246.5112
  1.250000   1250      -8.59144052e+01       1.99421650e+02   245.9992
  1.260000   1260      -8.44833022e+01       1.97987367e+02   244.2299
  1.270000   1270      -8.17544741e+01       1.95267492e+02   240.8748
  1.280000   1280      -8.41178550e+01       1.97619825e+02   243.7765
  1.290000   1290      -8.10520665e+01       1.94558203e+02   239.9998
  1.300000   1300      -7.88078298e+01       1.92318217e+02   237.2366
  1.310000   1310      -8.08587495e+01       1.94359087e+02   239.7542
  1.320000   1320      -7.49346612e+01       1.88443169e+02   232.4565
  1.330000   1330      -7.55049308e+01       1.89003584e+02   233.1478
  1.340000   1340      -7.49104904e+01       1.88412911e+02   232.4192
  1.350000   1350      -7.32114437e+01       1.86718107e+02   230.3285
  1.360000   1360      -7.52725535e+01       1.88777143e+02   232.8685
  1.370000   1370      -7.39562263e+01       1.87461242e+02   231.2453
  1.380000   1380      -7.14712146e+01       1.84980276e+02   228.1848
  1.390000   1390      -7.13831680e+01       1.84887313e+02   228.0701
  1.400000   1400      -7.10132233e+01       1.84520581e+02   227.6178
  1.410000   1410      -7.09906771e+01       1.84497569e+02   227.5894
  1.420000   1420      -6.93659367e+01       1.82869607e+02   225.5812
  1.430000   1430      -6.65929351e+01       1.80101668e+02   222.1668
  1.440000   1440      -6.72661106e+01       1.80774683e+02   222.9970
  1.450000   1450      -6.93570042e+01       1.82863221e+02   225.5733
  1.460000   1460      -6.92570710e+01       1.82762296e+02   225.4488
  1.470000   1470      -6.73000155e+01       1.80801745e+02   223.0303
  1.480000   1480      -6.72700657e+01       1.80780551e+02   223.0042
  1.490000   1490      -7.29112514e+01       1.86414709e+02   229.9543
  1.500000   1500      -7.30565757e+01       1.86563920e+02   230.1384
  1.510000   1510      -7.07865875e+01       1.84291559e+02   227.3352
  1.520000   1520      -6.57167044e+01       1.79230081e+02   221.0916
  1.530000   1530      -6.81009365e+01       1.81607049e+02   224.0237
  1.540000   1540      -7.26632606e+01       1.86170802e+02   229.6534
  1.550000   1550      -7.65014078e+01       1.90009488e+02   234.3887
  1.560000   1560      -7.96900660e+01       1.93192140e+02   238.3147
  1.570000   1570      -7.26828752e+01       1.86201968e+02   229.6919
  1.580000   1580      -7.43498148e+01       1.87857182e+02   231.7337
  1.590000   1590      -7.84461739e+01       1.91948434e+02   236.7805
  1.600000   1600      -7.61639254e+01       1.89670186e+02   233.9701
  1.610000   1610      -7.36337304e+01       1.87140465e+02   230.8496
  1.620000   1620      -7.19218868e+01       1.85427693e+02   228.7367
  1.630000   1630      -6.77124334e+01       1.81218217e+02   223.5441
  1.640000   1640      -6.34856139e+01       1.76994094e+02   218.3334
  1.650000   1650      -6.19508146e+01       1.75458791e+02   216.4395
  1.660000   1660      -6.14127043e+01       1.74921147e+02   215.7763
  1.670000   1670      -6.14067068e+01       1.74914601e+02   215.7682
  1.680000   1680      -6.03256861e+01       1.73834606e+02   214.4359
  1.690000   1690      -5.92151625e+01       1.72725275e+02   213.0675
  1.700000   1700      -5.93638280e+01       1.72873148e+02   213.2499
  1.710000   1710      -5.99464981e+01       1.73455479e+02   213.9683
  1.720000   1720      -6.03503852e+01       1.73858718e+02   214.4657
  1.730000   1730      -6.03090089e+01       1.73818273e+02   214.4158
  1.740000   1740      -6.13304672e+01       1.74838179e+02   215.6739
  1.750000   1750      -6.23906627e+01       1.75897749e+02   216.9810
  1.760000   1760      -6.54092041e+01       1.78916743e+02   220.7051
  1.770000   1770      -6.96795351e+01       1.83178356e+02   225.9620
  1.780000   1780      -6.55941385e+01       1.79118192e+02   220.9536
  1.790000   1790      -6.66953776e+01       1.80176302e+02   222.2588
  1.800000   1800      -6.23254184e+01       1.75823270e+02   216.8891
  1.810000   1810      -6.69484865e+01       1.80452152e+02   222.5991
  1.820000   1820      -6.57157169e+01       1.79224713e+02   221.0850
  1.830000   1830      -6.66629765e+01       1.80170237e+02   222.2513
  1.840000   1840      -6.62772442e+01       1.79785479e+02   221.7767
  1.850000   1850      -6.54238598e+01       1.78933657e+02   220.7259
  1.860000   1860      -6.58650585e+01       1.79374359e+02   221.2696
  1.870000   1870      -6.74851906e+01       1.80994614e+02   223.2683
  1.880000   1880      -6.99476288e+01       1.83456410e+02   226.3050
  1.890000   1890      -7.21879925e+01       1.85693262e+02   229.0643
  1.900000   1900      -6.94972946e+01       1.83000919e+02   225.7432
  1.910000   1910      -6.82425185e+01       1.81748225e+02   224.1979
  1.920000   1920      -7.05312884e+01       1.84037765e+02   227.0222
  1.930000   1930      -7.10082216e+01       1.84515720e+02   227.6118
  1.940000   1940      -7.10594034e+01       1.84566169e+02   227.6740
  1.950000   1950      -6.90363510e+01       1.82543837e+02   225.1793
  1.960000   1960      -6.58669083e+01       1.79374510e+02   221.2698
  1.970000   1970      -6.35018947e+01       1.77012012e+02   218.3555
  1.980000   1980      -6.39708284e+01       1.77476300e+02   218.9282
  1.990000   1990      -6.23262907e+01       1.75835604e+02   216.9043
  2.000000   2000      -6.18887357e+01       1.75398270e+02   216.3648
  2.010000   2010      -6.36867517e+01       1.77194756e+02   218.5809
  2.020000   2020      -6.52297931e+01       1.78735986e+02   220.4821
  2.030000   2030      -6.29804425e+01       1.76483264e+02   217.7032
  2.040000   2040      -6.15856819e+01       1.75071839e+02   215.9621
  2.050000   2050      -5.87244021e+01       1.72228399e+02   212.4546
  2.060000   2060      -6.38391564e+01       1.77344856e+02   218.7661
  2.070000   2070      -6.15457366e+01       1.75054674e+02   215.9410
  2.080000   2080      -5.94508564e+01       1.72960148e+02   213.3572
  2.090000   2090      -5.82469220e+01       1.71755822e+02   211.8716
  2.100000   2100      -5.74309328e+01       1.70939156e+02   210.8642
  2.110000   2110      -5.62321514e+01       1.69741609e+02   209.3870
  2.120000   2120      -5.58807179e+01       1.69389166e+02   208.9522
  2.130000   2130      -5.61415527e+01       1.69651145e+02   209.2754
  2.140000   2140      -5.73591444e+01       1.70867475e+02   210.7758
  2.150000   2150      -5.84315189e+01       1.71940662e+02   212.0996
  2.160000   2160      -5.95388243e+01       1.73044399e+02   213.4612
  2.170000   2170      -5.80745892e+01       1.71586068e+02   211.6622
  2.180000   2180      -6.13396450e+01       1.74838225e+02   215.6740
  2.190000   2190      -6.28312272e+01       1.76341885e+02   217.5288
  2.200000   2200      -6.57333660e+01       1.79237091e+02   221.1002
  2.210000   2210      -6.41015426e+01       1.77599556e+02   219.0802
  2.220000   2220      -6.14308755e+01       1.74939035e+02   215.7983
  2.230000   2230      -6.45745613e+01       1.78080070e+02   219.6730
  2.240000   2240      -6.42437381e+01       1.77752164e+02   219.2685
  2.250000   2250      -6.37688952e+01       1.77276621e+02   218.6819
  2.260000   2260      -6.20235007e+01       1.75527956e+02   216.5248
  2.270000   2270      -6.32393830e+01       1.76744416e+02   218.0254
  2.280000   2280      -6.69298315e+01       1.80435775e+02   222.5789
  2.290000   2290      -6.68775204e+01       1.80386122e+02   222.5176
  2.300000   2300      -6.43243882e+01       1.77812091e+02   219.3424
  2.310000   2310      -6.41111062e+01       1.77598504e+02   219.0789
  2.320000   2320      -6.61093315e+01       1.79617922e+02   221.5700
  2.330000   2330      -6.65738431e+01       1.80082112e+02   222.1426
  2.340000   2340      -6.73138670e+01       1.80816012e+02   223.0479
  2.350000   2350      -6.13445183e+01       1.74854475e+02   215.6940
  2.360000   2360      -6.35167013e+01       1.77016394e+02   218.3609
  2.370000   2370      -6.60876534e+01       1.79592098e+02   221.5382
  2.380000   2380      -6.47787010e+01       1.78288560e+02   219.9302
  2.390000   2390      -6.53148527e+01       1.78822701e+02   220.5891
  2.400000   2400      -6.56994928e+01       1.79207900e+02   221.0642
  2.410000   2410      -6.55024879e+01       1.79010086e+02   220.8202
  2.420000   2420      -6.37491807e+01       1.77255780e+02   218.6562
  2.430000   2430      -6.30360344e+01       1.76545510e+02   217.7800
  2.440000   2440      -6.47935400e+01       1.78297732e+02   219.9415
  2.450000   2450      -6.11264712e+01       1.74630786e+02   215.4181
  2.460000   2460      -5.98513174e+01       1.73360271e+02   213.8508
  2.470000   2470      -6.42316696e+01       1.77736908e+02   219.2497
  2.480000   2480      -6.46462495e+01       1.78154461e+02   219.7648
  2.490000   2490      -6.38081327e+01       1.77315597e+02   218.7300
  2.500000   2500      -6.17243258e+01       1.75232598e+02   216.1605
  2.510000   2510      -6.06372000e+01       1.74147316e+02   214.8217
  2.520000   2520      -6.29277640e+01       1.76433483e+02   217.6418
  2.530000   2530      -6.35360634e+01       1.77042624e+02   218.3932
  2.540000   2540      -6.31106756e+01       1.76613545e+02   217.8639
  2.550000   2550      -5.91695802e+01       1.72676454e+02   213.0073
  2.560000   2560      -6.10398475e+01       1.74538395e+02   215.3041
  2.570000   2570      -6.16903092e+01       1.75197347e+02   216.1170
  2.580000   2580      -5.86283067e+01       1.72135180e+02   212.3396
  2.590000   2590      -5.60152218e+01       1.69523740e+02   209.1182
  2.600000   2600      -5.56417524e+01       1.69150635e+02   208.6580
  2.610000   2610      -5.52296142e+01       1.68738400e+02   208.1494
  2.620000   2620      -5.48444021e+01       1.68353999e+02   207.6753
  2.630000   2630      -5.50127923e+01       1.68522109e+02   207.8826
  2.640000   2640      -5.53658250e+01       1.68874514e+02   208.3174
  2.650000   2650      -5.52264735e+01       1.68735622e+02   208.1460
  2.660000   2660      -5.53624691e+01       1.68871552e+02   208.3137
  2.670000   2670      -5.59039987e+01       1.69411641e+02   208.9799
  2.680000   2680      -5.56129194e+01       1.69121868e+02   208.6225
  2.690000   2690      -5.83820441e+01       1.71886734e+02   212.0331
  2.700000   2700      -5.99355987e+01       1.73441409e+02   213.9509
  2.710000   2710      -6.01843565e+01       1.73692554e+02   214.2607
  2.720000   2720      -6.10099832e+01       1.74514536e+02   215.2747
  2.730000   2730      -5.85699936e+01       1.72080449e+02   212.2721
  2.740000   2740      -5.88583332e+01       1.72365943e+02   212.6243
  2.750000   2750      -5.96681803e+01       1.73175349e+02   213.6227
  2.760000   2760      -5.85076571e+01       1.72009464e+02   212.1845
  2.770000   2770      -5.46701642e+01       1.68185001e+02   207.4668
  2.780000   2780      -5.81523439e+01       1.71656468e+02   211.7491
  2.790000   2790      -5.73852574e+01       1.70892310e+02   210.8064
  2.800000   2800      -5.43165536e+01       1.67826638e+02   207.0247
  2.810000   2810      -5.29635940e+01       1.66473109e+02   205.3551
  2.820000   2820      -5.31743392e+01       1.66682139e+02   205.6129
  2.830000   2830      -5.26971920e+01       1.66206121e+02   205.0257
  2.840000   2840      -5.31707883e+01       1.66681325e+02   205.6119
  2.850000   2850      -5.59489888e+01       1.69456760e+02   209.0356
  2.860000   2860      -5.77868975e+01       1.71295266e+02   211.3035
  2.870000   2870      -5.86114799e+01       1.72120191e+02   212.3211
  2.880000   2880      -5.88633172e+01       1.72368655e+02   212.6276
  2.890000   2890      -5.55305492e+01       1.69040368e+02   208.5219
  2.900000   2900      -5.91515269e+01       1.72652151e+02   212.9773
  2.910000   2910      -6.22214684e+01       1.75726602e+02   216.7698
  2.920000   2920      -6.06802747e+01       1.74189463e+02   214.8737
  2.930000   2930      -5.94368008e+01       1.72944184e+02   213.3375
  2.940000   2940      -5.78146454e+01       1.71323581e+02   211.3384
  2.950000   2950      -5.69436592e+01       1.70452418e+02   210.2638
  2.960000   2960      -5.64908447e+01       1.69999932e+02   209.7056
  2.970000   2970      -5.65282588e+01       1.70036681e+02   209.7510
  2.980000   2980      -5.63679277e+01       1.69877197e+02   209.5542
  2.990000   2990      -5.65308066e+01       1.70038540e+02   209.7533
  3.000000   3000      -5.60621929e+01       1.69570658e+02   209.1761
  3.010000   3010      -5.55796519e+01       1.69086714e+02   208.5791
  3.020000   3020      -5.60584130e+01       1.69569317e+02   209.1744
  3.030000   3030      -5.98523002e+01       1.73358200e+02   213.8483
  3.040000   3040      -6.16560175e+01       1.75164270e+02   216.0762
  3.050000   3050      -6.24148090e+01       1.75921483e+02   217.0102
  3.060000   3060      -6.07768754e+01       1.74282710e+02   214.9887
  3.070000   3070      -5.74584254e+01       1.70966472e+02   210.8979
  3.080000   3080      -5.57540366e+01       1.69258678e+02   208.7912
  3.090000   3090      -5.61669697e+01       1.69675074e+02   209.3049
  3.100000   3100      -5.88682747e+01       1.72373259e+02   212.6333
  3.110000   3110      -5.77063433e+01       1.71214886e+02   211.2043
  3.120000   3120      -5.58124230e+01       1.69321928e+02   208.8693
  3.130000   3130      -5.45074688e+01       1.68017138e+02   207.2597
  3.140000   3140      -5.39020761e+01       1.67410635e+02   206.5116
  3.150000   3150      -5.33652057e+01       1.66875774e+02   205.8518
  3.160000   3160      -5.49623504e+01       1.68469778e+02   207.8181
  3.170000   3170      -5.59726651e+01       1.69480563e+02   209.0650
  3.180000   3180      -5.58527966e+01       1.69359870e+02   208.9161
  3.190000   3190      -5.58390719e+01       1.69348515e+02   208.9021
  3.200000   3200      -5.76938860e+01       1.71199102e+02   211.1849
  3.210000   3210      -5.86177937e+01       1.72127719e+02   212.3304
  3.220000   3220      -6.11661804e+01       1.74672714e+02   215.4698
  3.230000   3230      -6.21069005e+01       1.75616961e+02   216.6346
  3.240000   3240      -6.42574763e+01       1.77764557e+02   219.2838
  3.250000   3250      -6.42058840e+01       1.77707766e+02   219.2137
  3.260000   3260      -5.86536682e+01       1.72164017e+02   212.3752
  3.270000   3270      -6.10624382e+01       1.74569309e+02   215.3422
  3.280000   3280      -6.71980818e+01       1.80699233e+02   222.9039
  3.290000   3290      -5.57691644e+01       1.69221124e+02   208.7449
  3.300000   3300      -6.15127072e+01       1.74993013e+02   215.8649
  3.310000   3310      -6.10766274e+01       1.74578971e+02   215.3542
  3.320000   3320      -5.40951011e+01       1.67618079e+02   206.7675
  3.330000   3330      -5.70544498e+01       1.70555639e+02   210.3911
  3.340000   3340      -5.46692672e+01       1.68178021e+02   207.4582
  3.350000   3350      -5.14587176e+01       1.64968900e+02   203.4995
  3.360000   3360      -4.96273204e+01       1.63136737e+02   201.2394
  3.370000   3370      -4.85659005e+01       1.62075658e+02   199.9305
  3.380000   3380      -4.84352310e+01       1.61944651e+02   199.7689
  3.390000   3390      -4.88344204e+01       1.62343648e+02   200.2611
  3.400000   3400      -4.92467781e+01       1.62755952e+02   200.7697
  3.410000   3410      -4.95756692e+01       1.63085012e+02   201.1756
  3.420000   3420      -5.02697724e+01       1.63779180e+02   202.0319
  3.430000   3430      -5.09429299e+01       1.64449030e+02   202.8582
  3.440000   3440      -4.89235258e+01       1.62434140e+02   200.3727
  3.450000   3450      -4.92130864e+01       1.62721204e+02   200.7269
  3.460000   3460      -5.05906439e+01       1.64099599e+02   202.4272
  3.470000   3470      -5.20630093e+01       1.65572210e+02   204.2438
  3.480000   3480      -5.35526169e+01       1.67059804e+02   206.0788
  3.490000   3490      -5.09687015e+01       1.64467455e+02   202.8810
  3.500000   3500      -4.86991042e+01       1.62200160e+02   200.0841
  3.510000   3510      -5.11852933e+01       1.64689371e+02   203.1547
  3.520000   3520      -5.10513870e+01       1.64559332e+02   202.9943
  3.530000   3530      -4.93456976e+01       1.62854523e+02   200.8913
  3.540000   3540      -4.91113869e+01       1.62621694e+02   200.6041
  3.550000   3550      -5.17718565e+01       1.65280142e+02   203.8835
  3.560000   3560      -5.38884840e+01       1.67396818e+02   206.4945
  3.570000   3570      -5.51652739e+01       1.68674471e+02   208.0706
  3.580000   3580      -5.66646451e+01       1.70172713e+02   209.9188
  3.590000   3590      -5.69316163e+01       1.70436860e+02   210.2446
  3.600000   3600      -5.53149454e+01       1.68816898e+02   208.2463
  3.610000   3610      -5.42931496e+01       1.67807838e+02   207.0015
  3.620000   3620      -5.99348506e+01       1.73437163e+02   213.9457
  3.630000   3630      -5.94982569e+01       1.73007428e+02   213.4156
  3.640000   3640      -5.88563818e+01       1.72365721e+02   212.6240
  3.650000   3650      -5.86267371e+01       1.72134990e+02   212.3394
  3.660000   3660      -5.79213699e+01       1.71425257e+02   211.4639
  3.670000   3670      -5.30424533e+01       1.66565440e+02   205.4690
  3.680000   3680      -5.83583516e+01       1.71859674e+02   211.9997
  3.690000   3690      -6.03014923e+01       1.73809713e+02   214.4052
  3.700000   3700      -6.18413083e+01       1.75346722e+02   216.3012
  3.710000   3710      -6.01660111e+01       1.73676713e+02   214.2412
  3.720000   3720      -6.27216972e+01       1.76231434e+02   217.3926
  3.730000   3730      -6.86354980e+01       1.82139133e+02   224.6801
  3.740000   3740      -6.79858976e+01       1.81482884e+02   223.8706
  3.750000   3750      -5.98782342e+01       1.73390412e+02   213.8880
  3.760000   3760      -6.42575466e+01       1.77754777e+02   219.2717
  3.770000   3770      -6.71677228e+01       1.80672023e+02   222.8703
  3.780000   3780      -6.49091793e+01       1.78417699e+02   220.0895
  3.790000   3790      -6.18820846e+01       1.75390961e+02   216.3558
  3.800000   3800      -5.88376978e+01       1.72346531e+02   212.6003
  3.810000   3810      -5.65087232e+01       1.70018574e+02   209.7286
  3.820000   3820      -5.65509922e+01       1.70059922e+02   209.7796
  3.830000   3830      -5.72712689e+01       1.70777014e+02   210.6642
  3.840000   3840      -5.59282591e+01       1.69437678e+02   209.0121
  3.850000   3850      -5.66137673e+01       1.70121731e+02   209.8559
  3.860000   3860      -5.71557664e+01       1.70660389e+02   210.5203
  3.870000   3870      -5.43130068e+01       1.67823161e+02   207.0204
  3.880000   3880      -5.27581208e+01       1.66266279e+02   205.0999
  3.890000   3890      -5.11330608e+01       1.64642786e+02   203.0972
  3.900000   3900      -5.03195372e+01       1.63828087e+02   202.0923
  3.910000   3910      -4.90184638e+01       1.62527411e+02   200.4878
  3.920000   3920      -4.75482076e+01       1.61058000e+02   198.6752
  3.930000   3930      -4.68654606e+01       1.60374402e+02   197.8319
  3.940000   3940      -4.61524811e+01       1.59661536e+02   196.9526
  3.950000   3950      -4.59949233e+01       1.59504730e+02   196.7591
  3.960000   3960      -4.69387151e+01       1.60446912e+02   197.9214
  3.970000   3970      -4.66046369e+01       1.60110216e+02   197.5060
  3.980000   3980      -4.39325817e+01       1.57446821e+02   194.2206
  3.990000   3990      -4.62134448e+01       1.59719397e+02   197.0239
  4.000000   4000      -4.69305837e+01       1.60439695e+02   197.9125
  4.010000   4010      -4.71993062e+01       1.60708793e+02   198.2444
  4.020000   4020      -4.78148419e+01       1.61324458e+02   199.0039
  4.030000   4030      -4.88493056e+01       1.62358198e+02   200.2791
  4.040000   4040      -4.97521723e+01       1.63261974e+02   201.3939
  4.050000   4050      -5.15434644e+01       1.65052847e+02   203.6031
  4.060000   4060      -5.36798317e+01       1.67187000e+02   206.2357
  4.070000   4070      -5.35086873e+01       1.67014899e+02   206.0234
  4.080000   4080      -5.18701773e+01       1.65381760e+02   204.0088
  4.090000   4090      -5.41938548e+01       1.67698848e+02   206.8671
  4.100000   4100      -5.52157969e+01       1.68724215e+02   208.1319
  4.110000   4110      -5.75501102e+01       1.71054845e+02   211.0069
  4.120000   4120      -5.60817453e+01       1.69581564e+02   209.1895
  4.130000   4130      -5.29170894e+01       1.66427105e+02   205.2983
  4.140000   4140      -5.72409974e+01       1.70744353e+02   210.6239
  4.150000   4150      -5.72508665e+01       1.70759700e+02   210.6428
  4.160000   4160      -5.62978550e+01       1.69803522e+02   209.4633
  4.170000   4170      -5.38260892e+01       1.67338095e+02   206.4221
  4.180000   4180      -5.37597095e+01       1.67265431e+02   206.3324
  4.190000   4190      -5.49084871e+01       1.68414163e+02   207.7495
  4.200000   4200      -5.60065062e+01       1.69510660e+02   209.1021
  4.210000   4210      -5.26031772e+01       1.66114161e+02   204.9123
  4.220000   4220      -5.43661098e+01       1.67865677e+02   207.0729
  4.230000   4230      -5.27239442e+01       1.66236422e+02   205.0631
  4.240000   4240      -5.30173512e+01       1.66522179e+02   205.4156
  4.250000   4250      -5.16771913e+01       1.65186301e+02   203.7677
  4.260000   4260      -5.16518125e+01       1.65159514e+02   203.7347
  4.270000   4270      -5.11500544e+01       1.64658178e+02   203.1162
  4.280000   4280      -5.08433017e+01       1.64352478e+02   202.7391
  4.290000   4290      -5.12723703e+01       1.64779260e+02   203.2656
  4.300000   4300      -4.93653797e+01       1.62873486e+02   200.9147
  4.310000   4310      -4.77643178e+01       1.61276226e+02   198.9444
  4.320000   4320      -4.99641815e+01       1.63471759e+02   201.6527
  4.330000   4330      -5.13461312e+01       1.64854467e+02   203.3584
  4.340000   4340      -5.15479264e+01       1.65055464e+02   203.6063
  4.350000   4350      -4.97846418e+01       1.63292184e+02   201.4312
  4.360000   4360      -4.84957259e+01       1.62004155e+02   199.8423
  4.370000   4370      -4.87205260e+01       1.62228792e+02   200.1194
  4.380000   4380      -4.85040496e+01       1.62011115e+02   199.8509
  4.390000   4390      -4.67544425e+01       1.60263334e+02   197.6949
  4.400000   4400      -4.54899892e+01       1.59000869e+02   196.1376
  4.410000   4410      -4.67779247e+01       1.60287013e+02   197.7241
  4.420000   4420      -4.83397486e+01       1.61847678e+02   199.6493
  4.430000   4430      -4.75673096e+01       1.61069420e+02   198.6893
  4.440000   4440      -4.52073188e+01       1.58717012e+02   195.7874
  4.450000   4450      -4.86765267e+01       1.62179468e+02   200.0586
  4.460000   4460      -4.93603896e+01       1.62868171e+02   200.9082
  4.470000   4470      -4.96270681e+01       1.63134551e+02   201.2367
  4.480000   4480      -4.84594589e+01       1.61968239e+02   199.7980
  4.490000   4490      -4.75940091e+01       1.61103078e+02   198.7308
  4.500000   4500      -4.81865888e+01       1.61695371e+02   199.4614
  4.510000   4510      -4.93194661e+01       1.62826060e+02   200.8562
  4.520000   4520      -4.86373512e+01       1.62147258e+02   200.0189
  4.530000   4530      -4.89178719e+01       1.62425191e+02   200.3617
  4.540000   4540      -4.81796767e+01       1.61688639e+02   199.4531
  4.550000   4550      -4.79385178e+01       1.61445376e+02   199.1530
  4.560000   4560      -4.68375526e+01       1.60348940e+02   197.8005
  4.570000   4570      -4.87998990e+01       1.62304264e+02   200.2125
  4.580000   4580      -4.57387874e+01       1.59235505e+02   196.4270
  4.590000   4590      -4.80776834e+01       1.61569557e+02   199.3062
  4.600000   4600      -5.02805971e+01       1.63789228e+02   202.0443
  4.610000   4610      -4.98455061e+01       1.63350192e+02   201.5028
  4.620000   4620      -4.70459101e+01       1.60559924e+02   198.0608
  4.630000   4630      -4.91883329e+01       1.62693793e+02   200.6930
  4.640000   4640      -4.92975997e+01       1.62803467e+02   200.8283
  4.650000   4650      -4.75780128e+01       1.61089390e+02   198.7139
  4.660000   4660      -5.16165758e+01       1.65118096e+02   203.6836
  4.670000   4670      -5.42555129e+01       1.67762892e+02   206.9461
  4.680000   4680      -5.48665347e+01       1.68370348e+02   207.6954
  4.690000   4690      -5.20334978e+01       1.65530473e+02   204.1923
  4.700000   4700      -5.41010854e+01       1.67592796e+02   206.7363
  4.710000   4710      -5.28148660e+01       1.66320728e+02   205.1671
  4.720000   4720      -5.03183951e+01       1.63825899e+02   202.0896
  4.730000   4730      -5.04396791e+01       1.63946703e+02   202.2386
  4.740000   4740      -4.80716810e+01       1.61580094e+02   199.3192
  4.750000   4750      -4.64462967e+01       1.59956341e+02   197.3162
  4.760000   4760      -4.70844287e+01       1.60592285e+02   198.1007
  4.770000   4770      -4.72548651e+01       1.60763404e+02   198.3118
  4.780000   4780      -4.69681005e+01       1.60475952e+02   197.9572
  4.790000   4790      -4.51269952e+01       1.58635915e+02   195.6874
  4.800000   4800      -4.38213073e+01       1.57331800e+02   194.0787
  4.810000   4810      -4.43209121e+01       1.57828562e+02   194.6915
  4.820000   4820      -4.33643549e+01       1.56872999e+02   193.5127
  4.830000   4830      -4.18252209e+01       1.55335435e+02   191.6160
  4.840000   4840      -4.14247534e+01       1.54933965e+02   191.1208
  4.850000   4850      -4.12368464e+01       1.54745865e+02   190.8888
  4.860000   4860      -4.07767744e+01       1.54286272e+02   190.3218
  4.870000   4870      -4.05285294e+01       1.54038235e+02   190.0159
  4.880000   4880      -4.07501953e+01       1.54259840e+02   190.2892
  4.890000   4890      -4.13611168e+01       1.54870593e+02   191.0426
  4.900000   4900      -4.21531307e+01       1.55662485e+02   192.0195
  4.910000   4910      -4.29958615e+01       1.56504832e+02   193.0586
  4.920000   4920      -4.35008093e+01       1.57009917e+02   193.6816
  4.930000   4930      -4.48667767e+01       1.58373836e+02   195.3641
  4.940000   4940      -4.48961491e+01       1.58405863e+02   195.4036
  4.950000   4950      -4.70015547e+01       1.60505979e+02   197.9942
  4.960000   4960      -4.79868006e+01       1.61495026e+02   199.2143
  4.970000   4970      -4.52513041e+01       1.58732915e+02   195.8071
  4.980000   4980      -3.56361114e+01       1.49154247e+02   183.9912
  4.990000   4990      -4.62280210e+01       1.59720965e+02   197.0259
  5.000000   5000      -4.02067088e+01       1.53724428e+02   189.6288
  5.010000   5010      -4.15341779e+01       1.55036010e+02   191.2467
  5.020000   5020      -4.00718068e+01       1.53581118e+02   189.4520
  5.030000   5030      -3.80429995e+01       1.51553166e+02   186.9504
  5.040000   5040      -3.70287245e+01       1.50538691e+02   185.6990
  5.050000   5050      -3.68170759e+01       1.50326706e+02   185.4375
  5.060000   5060      -3.69332051e+01       1.50442661e+02   185.5805
  5.070000   5070      -3.71366579e+01       1.50646217e+02   185.8316
  5.080000   5080      -3.75118087e+01       1.51020903e+02   186.2938
  5.090000   5090      -3.73817332e+01       1.50888131e+02   186.1300
  5.100000   5100      -3.48447556e+01       1.48356153e+02   183.0067
  5.110000   5110      -3.66674241e+01       1.50174080e+02   185.2492
  5.120000   5120      -3.91081218e+01       1.52615744e+02   188.2611
  5.130000   5130      -3.93248084e+01       1.52833458e+02   188.5297
  5.140000   5140      -3.81208090e+01       1.51625516e+02   187.0396
  5.150000   5150      -3.55485306e+01       1.49062450e+02   183.8779
  5.160000   5160      -3.86826712e+01       1.52189663e+02   187.7355
  5.170000   5170      -4.03409931e+01       1.53850364e+02   189.7841
  5.180000   5180      -4.20590833e+01       1.55568462e+02   191.9035
  5.190000   5190      -4.39177941e+01       1.57426969e+02   194.1961
  5.200000   5200      -4.55794260e+01       1.59087926e+02   196.2450
  5.210000   5210      -4.61839224e+01       1.59691222e+02   196.9892
  5.220000   5220      -4.48881703e+01       1.58396973e+02   195.3926
  5.230000   5230      -4.45950935e+01       1.58103355e+02   195.0304
  5.240000   5240      -4.57771056e+01       1.59285980e+02   196.4893
  5.250000   5250      -4.75500232e+01       1.61056304e+02   198.6731
  5.260000   5260      -4.67802211e+01       1.60287587e+02   197.7248
  5.270000   5270      -4.43083907e+01       1.57818008e+02   194.6785
  5.280000   5280      -4.26541225e+01       1.56162639e+02   192.6365
  5.290000   5290      -4.08926706e+01       1.54400956e+02   190.4633
  5.300000   5300      -3.89105250e+01       1.52420532e+02   188.0203
  5.310000   5310      -4.00336248e+01       1.53543035e+02   189.4050
  5.320000   5320      -4.32640394e+01       1.56770897e+02   193.3868
  5.330000   5330      -4.41378880e+01       1.57646592e+02   194.4670
  5.340000   5340      -4.45002226e+01       1.58009947e+02   194.9152
  5.350000   5350      -4.49398367e+01       1.58441170e+02   195.4472
  5.360000   5360      -4.11268950e+01       1.54647527e+02   190.7675
  5.370000   5370      -4.57446485e+01       1.59247962e+02   196.4424
  5.380000   5380      -4.44926863e+01       1.58001814e+02   194.9052
  5.390000   5390      -4.32706637e+01       1.56780159e+02   193.3982
  5.400000   5400      -4.27943119e+01       1.56301596e+02   192.8079
  5.410000   5410      -4.18506846e+01       1.55362219e+02   191.6491
  5.420000   5420      -4.44100615e+01       1.57917976e+02   194.8018
  5.430000   5430      -4.66801897e+01       1.60185518e+02   197.5989
  5.440000   5440      -4.51988446e+01       1.58708837e+02   195.7774
  5.450000   5450      -4.52282733e+01       1.58736964e+02   195.8120
  5.460000   5460      -4.70683523e+01       1.60575961e+02   198.0806
  5.470000   5470      -4.75502190e+01       1.61053070e+02   198.6691
  5.480000   5480      -4.21974166e+01       1.55721427e+02   192.0922
  5.490000   5490      -4.65796034e+01       1.60059354e+02   197.4433
  5.500000   5500      -4.39555177e+01       1.57460734e+02   194.2377
  5.510000   5510      -5.00868943e+01       1.63589377e+02   201.7978
  5.520000   5520      -4.74462502e+01       1.60955840e+02   198.5492
  5.530000   5530      -4.56127862e+01       1.59121128e+02   196.2859
  5.540000   5540      -4.44437696e+01       1.57953167e+02   194.8452
  5.550000   5550      -4.45775335e+01       1.58086667e+02   195.0099
  5.560000   5560      -4.53223438e+01       1.58830470e+02   195.9274
  5.570000   5570      -4.47868390e+01       1.58294208e+02   195.2659
  5.580000   5580      -4.24380406e+01       1.55947969e+02   192.3716
  5.590000   5590      -4.21992083e+01       1.55709383e+02   192.0773
  5.600000   5600      -4.46114490e+01       1.58119763e+02   195.0507
  5.610000   5610      -4.64159163e+01       1.59924782e+02   197.2773
  5.620000   5620      -4.75415202e+01       1.61049239e+02   198.6644
  5.630000   5630      -4.65028508e+01       1.60007970e+02   197.3799
  5.640000   5640      -4.60675304e+01       1.59573548e+02   196.8440
  5.650000   5650      -4.49168448e+01       1.58425442e+02   195.4278
  5.660000   5660      -4.65234965e+01       1.60023099e+02   197.3986
  5.670000   5670      -4.54531586e+01       1.58961634e+02   196.0892
  5.680000   5680      -4.29700369e+01       1.56478568e+02   193.0262
  5.690000   5690      -4.12117001e+01       1.54722330e+02   190.8597
  5.700000   5700      -4.20354156e+01       1.55543796e+02   191.8731
  5.710000   5710      -4.31500556e+01       1.56658195e+02   193.2478
  5.720000   5720      -4.29826800e+01       1.56488111e+02   193.0379
  5.730000   5730      -4.15606658e+01       1.55073015e+02   191.2923
  5.740000   5740      -4.36741199e+01       1.57180383e+02   193.8919
  5.750000   5750      -4.31036622e+01       1.56612677e+02   193.1916
  5.760000   5760      -4.20767399e+01       1.55586840e+02   191.9262
  5.770000   5770      -4.21128535e+01       1.55622840e+02   191.9706
  5.780000   5780      -4.31323190e+01       1.56641901e+02   193.2277
  5.790000   5790      -4.45007842e+01       1.58009674e+02   194.9149
  5.800000   5800      -4.46306067e+01       1.58132031e+02   195.0658
  5.810000   5810      -4.02541619e+01       1.53765047e+02   189.6789
  5.820000   5820      -3.96992120e+01       1.53209330e+02   188.9934
  5.830000   5830      -4.22349429e+01       1.55740386e+02   192.1156
  5.840000   5840      -4.32307208e+01       1.56737442e+02   193.3455
  5.850000   5850      -4.16282640e+01       1.55137141e+02   191.3714
  5.860000   5860      -3.98679185e+01       1.53376269e+02   189.1993
  5.870000   5870      -3.87617643e+01       1.52272801e+02   187.8381
  5.880000   5880      -4.01608188e+01       1.53666099e+02   189.5568
  5.890000   5890      -3.77861089e+01       1.51293975e+02   186.6306
  5.900000   5900      -3.85810098e+01       1.52084661e+02   187.6060
  5.910000   5910      -3.99334324e+01       1.53441345e+02   189.2796
  5.920000   5920      -3.90768184e+01       1.52586472e+02   188.2250
  5.930000   5930      -3.85189725e+01       1.52028062e+02   187.5362
  5.940000   5940      -3.77890398e+01       1.51297781e+02   186.6353
  5.950000   5950      -3.69731377e+01       1.50483509e+02   185.6309
  5.960000   5960      -3.84384661e+01       1.51947797e+02   187.4372
  5.970000   5970      -4.09299339e+01       1.54437788e+02   190.5087
  5.980000   5980      -4.18629885e+01       1.55370992e+02   191.6599
  5.990000   5990      -4.14236197e+01       1.54933026e+02   191.1196
  6.000000   6000      -4.15616214e+01       1.55071789e+02   191.2908
  6.010000   6010      -4.35380731e+01       1.57046653e+02   193.7269
  6.020000   6020      -4.46710859e+01       1.58173027e+02   195.1164
  6.030000   6030      -4.18695009e+01       1.55383588e+02   191.6754
  6.040000   6040      -4.39636958e+01       1.57469871e+02   194.2490
  6.050000   6050      -4.37574650e+01       1.57266933e+02   193.9987
  6.060000   6060      -4.39605500e+01       1.57469300e+02   194.2483
  6.070000   6070      -4.37301823e+01       1.57239035e+02   193.9643
  6.080000   6080      -4.30782662e+01       1.56587440e+02   193.1605
  6.090000   6090      -4.28331598e+01       1.56343359e+02   192.8594
  6.100000   6100      -4.42253338e+01       1.57733204e+02   194.5738
  6.110000   6110      -4.56294613e+01       1.59139490e+02   196.3086
  6.120000   6120      -4.94812163e+01       1.62986953e+02   201.0547
  6.130000   6130      -5.27242251e+01       1.66230059e+02   205.0553
  6.140000   6140      -5.39252640e+01       1.67432015e+02   206.5379
  6.150000   6150      -5.45766530e+01       1.68087286e+02   207.3463
  6.160000   6160      -5.73226609e+01       1.70827621e+02   210.7266
  6.170000   6170      -5.42875556e+01       1.67781622e+02   206.9692
  6.180000   6180      -5.22495068e+01       1.65741658e+02   204.4528
  6.190000   6190      -5.04416790e+01       1.63951124e+02   202.2440
  6.200000   6200      -4.91039405e+01       1.62613553e+02   200.5941
  6.210000   6210      -5.00476962e+01       1.63554553e+02   201.7548
  6.220000   6220      -4.89600908e+01       1.62468107e+02   200.4146
  6.230000   6230      -4.77104626e+01       1.61220504e+02   198.8756
  6.240000   6240      -4.81275379e+01       1.61635473e+02   199.3875
  6.250000   6250      -4.77241273e+01       1.61233446e+02   198.8916
  6.260000   6260      -4.74799514e+01       1.60989475e+02   198.5907
  6.270000   6270      -4.76613374e+01       1.61169971e+02   198.8133
  6.280000   6280      -4.71570387e+01       1.60664652e+02   198.1900
  6.290000   6290      -4.59025705e+01       1.59412860e+02   196.6458
  6.300000   6300      -4.64764952e+01       1.59985348e+02   197.3520
  6.310000   6310      -4.73865729e+01       1.60895425e+02   198.4746
  6.320000   6320      -4.79995445e+01       1.61508076e+02   199.2304
  6.330000   6330      -4.77372234e+01       1.61244558e+02   198.9053
  6.340000   6340      -4.59073868e+01       1.59416627e+02   196.6505
  6.350000   6350      -4.51502563e+01       1.58657002e+02   195.7134
  6.360000   6360      -4.37479924e+01       1.57256724e+02   193.9861
  6.370000   6370      -4.33145092e+01       1.56823346e+02   193.4515
  6.380000   6380      -4.37882038e+01       1.57295952e+02   194.0345
  6.390000   6390      -4.27910362e+01       1.56300512e+02   192.8065
  6.400000   6400      -4.19901044e+01       1.55499891e+02   191.8189
  6.410000   6410      -4.19125950e+01       1.55422537e+02   191.7235
  6.420000   6420      -4.26929767e+01       1.56202385e+02   192.6855
  6.430000   6430      -4.32657862e+01       1.56770271e+02   193.3860
  6.440000   6440      -4.12739620e+01       1.54788925e+02   190.9419
  6.450000   6450      -4.44004903e+01       1.57903845e+02   194.7843
  6.460000   6460      -4.38645696e+01       1.57375739e+02   194.1329
  6.470000   6470      -4.57970571e+01       1.59302993e+02   196.5103
  6.480000   6480      -4.61484875e+01       1.59656727e+02   196.9466
  6.490000   6490      -4.50331167e+01       1.58540748e+02   195.5700
  6.500000   6500      -4.35871104e+01       1.57097591e+02   193.7898
  6.510000   6510      -4.43782196e+01       1.57885570e+02   194.7618
  6.520000   6520      -4.39182981e+01       1.57424655e+02   194.1932
  6.530000   6530      -4.27185960e+01       1.56229384e+02   192.7188
  6.540000   6540      -4.45244302e+01       1.58031173e+02   194.9414
  6.550000   6550      -4.42647257e+01       1.57769477e+02   194.6186
  6.560000   6560      -4.15737918e+01       1.55086585e+02   191.3091
  6.570000   6570      -4.24170663e+01       1.55923552e+02   192.3415
  6.580000   6580      -4.11015502e+01       1.54608860e+02   190.7198
  6.590000   6590      -3.86753326e+01       1.52186725e+02   187.7319
  6.600000   6600      -3.89418081e+01       1.52449021e+02   188.0555
  6.610000   6610      -3.86493373e+01       1.52158160e+02   187.6967
  6.620000   6620      -3.76927861e+01       1.51202099e+02   186.5173
  6.630000   6630      -3.66868174e+01       1.50195673e+02   185.2758
  6.640000   6640      -3.49554041e+01       1.48463061e+02   183.1385
  6.650000   6650      -3.30266469e+01       1.46538046e+02   180.7639
  6.660000   6660      -3.38590691e+01       1.47367044e+02   181.7865
  6.670000   6670      -3.38765438e+01       1.47386130e+02   181.8101
  6.680000   6680      -3.41066427e+01       1.47616483e+02   182.0942
  6.690000   6690      -3.49609630e+01       1.48470333e+02   183.1475
  6.700000   6700      -3.57876347e+01       1.49295578e+02   184.1655
  6.710000   6710      -3.53348762e+01       1.48843985e+02   183.6084
  6.720000   6720      -3.55246168e+01       1.49031474e+02   183.8397
  6.730000   6730      -3.59292158e+01       1.49438549e+02   184.3419
  6.740000   6740      -3.74128954e+01       1.50920101e+02   186.1695
  6.750000   6750      -3.74478628e+01       1.50956656e+02   186.2145
  6.760000   6760      -3.67373810e+01       1.50246619e+02   185.3387
  6.770000   6770      -3.56052905e+01       1.49110068e+02   183.9367
  6.780000   6780      -3.14973941e+01       1.45015876e+02   178.8862
  6.790000   6790      -3.51057394e+01       1.48608710e+02   183.3182
  6.800000   6800      -3.47007165e+01       1.48209788e+02   182.8261
  6.810000   6810      -3.36610243e+01       1.47171081e+02   181.5448
  6.820000   6820      -3.36145197e+01       1.47123644e+02   181.4863
  6.830000   6830      -3.37469487e+01       1.47255698e+02   181.6492
  6.840000   6840      -3.33576117e+01       1.46865362e+02   181.1677
  6.850000   6850      -3.29019902e+01       1.46412503e+02   180.6090
  6.860000   6860      -3.45276852e+01       1.48035727e+02   182.6114
  6.870000   6870      -3.53542938e+01       1.48862814e+02   183.6317
  6.880000   6880      -3.52298955e+01       1.48735420e+02   183.4745
  6.890000   6890      -3.32437400e+01       1.46757802e+02   181.0350
  6.900000   6900      -3.60238622e+01       1.49528504e+02   184.4528
  6.910000   6910      -3.56460099e+01       1.49152685e+02   183.9892
  6.920000   6920      -3.28615171e+01       1.46369171e+02   180.5556
  6.930000   6930      -3.32946748e+01       1.46801025e+02   181.0883
  6.940000   6940      -3.48654678e+01       1.48372455e+02   183.0268
  6.950000   6950      -3.33597112e+01       1.46868726e+02   181.1718
  6.960000   6960      -3.16271008e+01       1.45137239e+02   179.0359
  6.970000   6970      -3.10265423e+01       1.44535832e+02   178.2941
  6.980000   6980      -3.07366091e+01       1.44245939e+02   177.9365
  6.990000   6990      -3.04268718e+01       1.43936525e+02   177.5548
  7.000000   7000      -3.04459483e+01       1.43955575e+02   177.5783
  7.010000   7010      -3.07846608e+01       1.44294182e+02   177.9960
  7.020000   7020      -3.13079253e+01       1.44817226e+02   178.6412
  7.030000   7030      -3.17503722e+01       1.45259244e+02   179.1864
  7.040000   7040      -3.18689931e+01       1.45379046e+02   179.3342
  7.050000   7050      -3.29048475e+01       1.46414008e+02   180.6109
  7.060000   7060      -3.40805944e+01       1.47588899e+02   182.0602
  7.070000   7070      -3.41110364e+01       1.47619071e+02   182.0974
  7.080000   7080      -3.30059014e+01       1.46515276e+02   180.7358
  7.090000   7090      -3.29823554e+01       1.46491886e+02   180.7070
  7.100000   7100      -3.42718260e+01       1.47780232e+02   182.2962
  7.110000   7110      -3.50186745e+01       1.48527620e+02   183.2182
  7.120000   7120      -3.54728028e+01       1.48981721e+02   183.7783
  7.130000   7130      -3.54370794e+01       1.48945107e+02   183.7332
  7.140000   7140      -3.41441921e+01       1.47654151e+02   182.1407
  7.150000   7150      -3.46067352e+01       1.48115070e+02   182.7093
  7.160000   7160      -3.54759758e+01       1.48984080e+02   183.7812
  7.170000   7170      -3.57767709e+01       1.49285163e+02   184.1527
  7.180000   7180      -3.47609184e+01       1.48263139e+02   182.8919
  7.190000   7190      -3.14309259e+01       1.44945562e+02   178.7995
  7.200000   7200      -3.64231274e+01       1.49925631e+02   184.9427
  7.210000   7210      -3.71630720e+01       1.50671437e+02   185.8627
  7.220000   7220      -3.62158584e+01       1.49725665e+02   184.6960
  7.230000   7230      -3.61854031e+01       1.49695656e+02   184.6590
  7.240000   7240      -3.72339153e+01       1.50739259e+02   185.9464
  7.250000   7250      -3.72163157e+01       1.50728716e+02   185.9334
  7.260000   7260      -4.01268975e+01       1.53629699e+02   189.5119
  7.270000   7270      -4.02554934e+01       1.53761416e+02   189.6744
  7.280000   7280      -3.94010701e+01       1.52906470e+02   188.6198
  7.290000   7290      -3.57625075e+01       1.49272110e+02   184.1366
  7.300000   7300      -3.80470297e+01       1.51548795e+02   186.9450
  7.310000   7310      -3.87776508e+01       1.52285004e+02   187.8531
  7.320000   7320      -3.66762434e+01       1.50183966e+02   185.2614
  7.330000   7330      -3.51893843e+01       1.48699554e+02   183.4303
  7.340000   7340      -3.57940525e+01       1.49301738e+02   184.1731
  7.350000   7350      -3.48430547e+01       1.48352475e+02   183.0021
  7.360000   7360      -3.41156631e+01       1.47625568e+02   182.1054
  7.370000   7370      -3.42548197e+01       1.47764217e+02   182.2765
  7.380000   7380      -3.47097629e+01       1.48219245e+02   182.8378
  7.390000   7390      -3.53971585e+01       1.48905892e+02   183.6848
  7.400000   7400      -3.55404844e+01       1.49048479e+02   183.8607
  7.410000   7410      -3.45616828e+01       1.48067227e+02   182.6503
  7.420000   7420      -3.27630477e+01       1.46272446e+02   180.4363
  7.430000   7430      -3.35749786e+01       1.47083264e+02   181.4365
  7.440000   7440      -3.51335250e+01       1.48640571e+02   183.3575
  7.450000   7450      -3.54542958e+01       1.48962527e+02   183.7547
  7.460000   7460      -3.45916602e+01       1.48100858e+02   182.6917
  7.470000   7470      -3.34918064e+01       1.47000880e+02   181.3348
  7.480000   7480      -3.20540999e+01       1.45562850e+02   179.5609
  7.490000   7490      -3.02673905e+01       1.43777593e+02   177.3587
  7.500000   7500      -3.00613166e+01       1.43570980e+02   177.1038
  7.510000   7510      -3.08756171e+01       1.44384234e+02   178.1070
  7.520000   7520      -3.10887796e+01       1.44598293e+02   178.3711
  7.530000   7530      -3.15129403e+01       1.45022863e+02   178.8948
  7.540000   7540      -3.24984337e+01       1.46005426e+02   180.1069
  7.550000   7550      -2.96487754e+01       1.43153398e+02   176.5887
  7.560000   7560      -3.06215856e+01       1.44121740e+02   177.7832
  7.570000   7570      -3.27048523e+01       1.46212562e+02   180.3624
  7.580000   7580      -3.30858516e+01       1.46595523e+02   180.8348
  7.590000   7590      -3.40583999e+01       1.47566928e+02   182.0331
  7.600000   7600      -3.46809117e+01       1.48189518e+02   182.8011
  7.610000   7610      -3.43533494e+01       1.47861793e+02   182.3968
  7.620000   7620      -3.32105577e+01       1.46720022e+02   180.9884
  7.630000   7630      -3.25831500e+01       1.46092259e+02   180.2140
  7.640000   7640      -3.27429637e+01       1.46251343e+02   180.4102
  7.650000   7650      -3.19074738e+01       1.45413299e+02   179.3765
  7.660000   7660      -3.14835477e+01       1.44991255e+02   178.8558
  7.670000   7670      -3.27467539e+01       1.46254937e+02   180.4147
  7.680000   7680      -3.26505997e+01       1.46160297e+02   180.2979
  7.690000   7690      -3.30637754e+01       1.46573046e+02   180.8071
  7.700000   7700      -3.34366676e+01       1.46945959e+02   181.2671
  7.710000   7710      -3.36836464e+01       1.47193170e+02   181.5720
  7.720000   7720      -3.41246773e+01       1.47634308e+02   182.1162
  7.730000   7730      -3.49746339e+01       1.48484088e+02   183.1645
  7.740000   7740      -3.60908702e+01       1.49600321e+02   184.5414
  7.750000   7750      -3.74082821e+01       1.50917883e+02   186.1667
  7.760000   7760      -3.90674151e+01       1.52576998e+02   188.2133
  7.770000   7770      -4.10402805e+01       1.54549085e+02   190.6460
  7.780000   7780      -4.23077074e+01       1.55813350e+02   192.2056
  7.790000   7790      -3.96404394e+01       1.53148216e+02   188.9180
  7.800000   7800      -3.99908721e+01       1.53500820e+02   189.3529
  7.810000   7810      -4.49257950e+01       1.58429252e+02   195.4325
  7.820000   7820      -4.42971986e+01       1.57804227e+02   194.6615
  7.830000   7830      -4.18166712e+01       1.55326366e+02   191.6049
  7.840000   7840      -4.20534168e+01       1.55558885e+02   191.8917
  7.850000   7850      -4.16465161e+01       1.55156135e+02   191.3949
  7.860000   7860      -4.13255905e+01       1.54830363e+02   190.9930
  7.870000   7870      -3.59353751e+01       1.49455922e+02   184.3633
  7.880000   7880      -3.96056933e+01       1.53106003e+02   188.8659
  7.890000   7890      -3.90607076e+01       1.52570405e+02   188.2052
  7.900000   7900      -3.82189519e+01       1.51728706e+02   187.1669
  7.910000   7910      -3.79666704e+01       1.51476372e+02   186.8556
  7.920000   7920      -3.85914094e+01       1.52101806e+02   187.6272
  7.930000   7930      -4.07170450e+01       1.54224857e+02   190.2461
  7.940000   7940      -4.15667309e+01       1.55074886e+02   191.2946
  7.950000   7950      -4.29785559e+01       1.56485790e+02   193.0351
  7.960000   7960      -4.46582816e+01       1.58167012e+02   195.1090
  7.970000   7970      -4.59063158e+01       1.59414723e+02   196.6481
  7.980000   7980      -4.66940558e+01       1.60201790e+02   197.6190
  7.990000   7990      -4.66403844e+01       1.60147373e+02   197.5519
  8.000000   8000      -4.53155488e+01       1.58824246e+02   195.9197
  8.010000   8010      -4.54593333e+01       1.58966979e+02   196.0958
  8.020000   8020      -4.67311642e+01       1.60241322e+02   197.6678
  8.030000   8030      -4.93680381e+01       1.62873990e+02   200.9153
  8.040000   8040      -4.86456224e+01       1.62149043e+02   200.0211
  8.050000   8050      -4.73991809e+01       1.60902702e+02   198.4836
  8.060000   8060      -4.54793146e+01       1.58985930e+02   196.1192
  8.070000   8070      -4.39038336e+01       1.57412150e+02   194.1778
  8.080000   8080      -4.53257388e+01       1.58832291e+02   195.9296
  8.090000   8090      -4.43159629e+01       1.57824532e+02   194.6865
  8.100000   8100      -4.24198258e+01       1.55928991e+02   192.3482
  8.110000   8110      -4.02518960e+01       1.53760843e+02   189.6737
  8.120000   8120      -3.78473030e+01       1.51357265e+02   186.7087
  8.130000   8130      -3.67110676e+01       1.50221183e+02   185.3073
  8.140000   8140      -3.69756969e+01       1.50484009e+02   185.6315
  8.150000   8150      -3.66761859e+01       1.50184814e+02   185.2624
  8.160000   8160      -3.63203425e+01       1.49826510e+02   184.8204
  8.170000   8170      -3.44234164e+01       1.47939452e+02   182.4926
  8.180000   8180      -3.88965720e+01       1.52398318e+02   187.9929
  8.190000   8190      -3.87939291e+01       1.52302797e+02   187.8751
  8.200000   8200      -3.80665968e+01       1.51576513e+02   186.9792
  8.210000   8210      -3.84943603e+01       1.52003134e+02   187.5054
  8.220000   8220      -3.87398017e+01       1.52247839e+02   187.8073
  8.230000   8230      -3.78089581e+01       1.51317192e+02   186.6593
  8.240000   8240      -3.67449278e+01       1.50254666e+02   185.3486
  8.250000   8250      -3.78362302e+01       1.51344688e+02   186.6932
  8.260000   8260      -3.90682320e+01       1.52576178e+02   188.2123
  8.270000   8270      -3.88529265e+01       1.52361680e+02   187.9477
  8.280000   8280      -3.76749980e+01       1.51181379e+02   186.4918
  8.290000   8290      -3.40096597e+01       1.47521141e+02   181.9766
  8.300000   8300      -3.52000703e+01       1.48706620e+02   183.4390
  8.310000   8310      -3.73879015e+01       1.50895261e+02   186.1388
  8.320000   8320      -3.72964652e+01       1.50805625e+02   186.0282
  8.330000   8330      -3.72729078e+01       1.50782105e+02   185.9992
  8.340000   8340      -3.76703401e+01       1.51180242e+02   186.4904
  8.350000   8350      -3.93615814e+01       1.52870447e+02   188.5753
  8.360000   8360      -4.08599678e+01       1.54365234e+02   190.4192
  8.370000   8370      -4.10801336e+01       1.54593527e+02   190.7009
  8.380000   8380      -4.60308605e+01       1.59537463e+02   196.7995
  8.390000   8390      -4.87025558e+01       1.62207287e+02   200.0929
  8.400000   8400      -4.56874219e+01       1.59190123e+02   196.3710
  8.410000   8410      -4.26950354e+01       1.56200964e+02   192.6837
  8.420000   8420      -4.81145026e+01       1.61614606e+02   199.3618
  8.430000   8430      -5.01463737e+01       1.63653200e+02   201.8765
  8.440000   8440      -4.85737044e+01       1.62081893e+02   199.9382
  8.450000   8450      -4.54516269e+01       1.58956874e+02   196.0833
  8.460000   8460      -3.94861824e+01       1.53000180e+02   188.7354
  8.470000   8470      -4.02178222e+01       1.53723085e+02   189.6271
  8.480000   8480      -4.08566166e+01       1.54364443e+02   190.4183
  8.490000   8490      -3.94455539e+01       1.52954470e+02   188.6790
  8.500000   8500      -3.71995410e+01       1.50706103e+02   185.9055
  8.510000   8510      -3.62444870e+01       1.49754478e+02   184.7316
  8.520000   8520      -3.84811448e+01       1.51986910e+02   187.4854
  8.530000   8530      -3.71443698e+01       1.50654311e+02   185.8416
  8.540000   8540      -3.74120732e+01       1.50919740e+02   186.1690
  8.550000   8550      -3.78171370e+01       1.51325696e+02   186.6698
  8.560000   8560      -3.84493182e+01       1.51957776e+02   187.4495
  8.570000   8570      -3.92168770e+01       1.52723427e+02   188.3940
  8.580000   8580      -3.77341931e+01       1.51245180e+02   186.5705
  8.590000   8590      -3.78402594e+01       1.51348062e+02   186.6974
  8.600000   8600      -3.76183862e+01       1.51127500e+02   186.4253
  8.610000   8610      -3.71374636e+01       1.50646595e+02   185.8321
  8.620000   8620      -3.65171259e+01       1.50026687e+02   185.0674
  8.630000   8630      -3.63801215e+01       1.49890376e+02   184.8992
  8.640000   8640      -3.74861650e+01       1.50995528e+02   186.2625
  8.650000   8650      -3.87522255e+01       1.52260279e+02   187.8226
  8.660000   8660      -3.86653218e+01       1.52174462e+02   187.7168
  8.670000   8670      -3.90388761e+01       1.52549219e+02   188.1791
  8.680000   8680      -4.09500126e+01       1.54456684e+02   190.5321
  8.690000   8690      -4.01387062e+01       1.53647778e+02   189.5342
  8.700000   8700      -4.12233030e+01       1.54730261e+02   190.8695
  8.710000   8710      -4.32600873e+01       1.56768228e+02   193.3835
  8.720000   8720      -4.28170533e+01       1.56315594e+02   192.8251
  8.730000   8730      -4.03571318e+01       1.53869767e+02   189.8081
  8.740000   8740      -4.59002683e+01       1.59402226e+02   196.6327
  8.750000   8750      -4.38370927e+01       1.57351325e+02   194.1028
  8.760000   8760      -4.59276592e+01       1.59432157e+02   196.6696
  8.770000   8770      -4.54811618e+01       1.58989383e+02   196.1234
  8.780000   8780      -4.42442301e+01       1.57754747e+02   194.6004
  8.790000   8790      -4.51009026e+01       1.58608749e+02   195.6539
  8.800000   8800      -4.57208377e+01       1.59229428e+02   196.4195
  8.810000   8810      -4.58715332e+01       1.59380494e+02   196.6059
  8.820000   8820      -4.67073862e+01       1.60214727e+02   197.6350
  8.830000   8830      -4.60655748e+01       1.59569338e+02   196.8388
  8.840000   8840      -4.05530920e+01       1.54064888e+02   190.0487
  8.850000   8850      -4.07254423e+01       1.54228359e+02   190.2504
  8.860000   8860      -4.09480152e+01       1.54455714e+02   190.5309
  8.870000   8870      -4.02461043e+01       1.53754406e+02   189.6657
  8.880000   8880      -3.85887785e+01       1.52098023e+02   187.6225
  8.890000   8890      -3.71417142e+01       1.50651577e+02   185.8382
  8.900000   8900      -3.64643873e+01       1.49973845e+02   185.0022
  8.910000   8910      -3.61159182e+01       1.49625415e+02   184.5724
  8.920000   8920      -3.56748784e+01       1.49180505e+02   184.0236
  8.930000   8930      -3.29424873e+01       1.46457661e+02   180.6648
  8.940000   8940      -3.57850180e+01       1.49288455e+02   184.1567
  8.950000   8950      -3.42070392e+01       1.47713847e+02   182.2143
  8.960000   8960      -3.42565899e+01       1.47760635e+02   182.2721
  8.970000   8970      -3.50540370e+01       1.48562730e+02   183.2615
  8.980000   8980      -3.52499773e+01       1.48759420e+02   183.5041
  8.990000   8990      -3.60991221e+01       1.49608225e+02   184.5512
  9.000000   9000      -3.71097989e+01       1.50619098e+02   185.7981
  9.010000   9010      -3.81236444e+01       1.51632616e+02   187.0484
  9.020000   9020      -3.88950268e+01       1.52404611e+02   188.0007
  9.030000   9030      -4.00871759e+01       1.53596150e+02   189.4705
  9.040000   9040      -4.10529109e+01       1.54560939e+02   190.6607
  9.050000   9050      -4.10091441e+01       1.54518569e+02   190.6084
  9.060000   9060      -4.10262828e+01       1.54529450e+02   190.6218
  9.070000   9070      -4.24040682e+01       1.55909476e+02   192.3242
  9.080000   9080      -4.53699731e+01       1.58873350e+02   195.9803
  9.090000   9090      -4.02124732e+01       1.53716962e+02   189.6196
  9.100000   9100      -4.05224178e+01       1.54023220e+02   189.9973
  9.110000   9110      -4.37885650e+01       1.57295332e+02   194.0337
  9.120000   9120      -4.30466543e+01       1.56555485e+02   193.1211
  9.130000   9130      -4.14712254e+01       1.54978167e+02   191.1753
  9.140000   9140      -3.88232653e+01       1.52334784e+02   187.9146
  9.150000   9150      -3.96022593e+01       1.53106461e+02   188.8665
  9.160000   9160      -4.13161303e+01       1.54823346e+02   190.9844
  9.170000   9170      -4.35015847e+01       1.57008129e+02   193.6794
  9.180000   9180      -4.24577177e+01       1.55967262e+02   192.3954
  9.190000   9190      -4.19697964e+01       1.55478713e+02   191.7928
  9.200000   9200      -4.11176139e+01       1.54622949e+02   190.7372
  9.210000   9210      -3.93175392e+01       1.52829412e+02   188.5247
  9.220000   9220      -4.14981029e+01       1.55004271e+02   191.2075
  9.230000   9230      -4.12976701e+01       1.54806125e+02   190.9631
  9.240000   9240      -4.01151408e+01       1.53624680e+02   189.5057
  9.250000   9250      -3.93042795e+01       1.52814460e+02   188.5063
  9.260000   9260      -3.96066283e+01       1.53116393e+02   188.8787
  9.270000   9270      -4.03212354e+01       1.53826768e+02   189.7550
  9.280000   9280      -3.62260733e+01       1.49741362e+02   184.7154
  9.290000   9290      -3.88043620e+01       1.52302967e+02   187.8753
  9.300000   9300      -3.87968143e+01       1.52305773e+02   187.8788
  9.310000   9310      -3.94833346e+01       1.52991995e+02   188.7253
  9.320000   9320      -3.96198132e+01       1.53127780e+02   188.8928
  9.330000   9330      -3.81063528e+01       1.51613001e+02   187.0242
  9.340000   9340      -3.63675458e+01       1.49879297e+02   184.8856
  9.350000   9350      -3.81883001e+01       1.51695866e+02   187.1264
  9.360000   9360      -3.85181046e+01       1.52026785e+02   187.5346
  9.370000   9370      -3.66810755e+01       1.50177088e+02   185.2529
  9.380000   9380      -3.48907325e+01       1.48392446e+02   183.0514
  9.390000   9390      -3.82131555e+01       1.51720524e+02   187.1568
  9.400000   9400      -3.76582923e+01       1.51167456e+02   186.4746
  9.410000   9410      -3.68550807e+01       1.50363836e+02   185.4833
  9.420000   9420      -3.56740562e+01       1.49183330e+02   184.0270
  9.430000   9430      -3.49055811e+01       1.48415286e+02   183.0796
  9.440000   9440      -3.55271934e+01       1.49036088e+02   183.8454
  9.450000   9450      -3.63933830e+01       1.49901883e+02   184.9134
  9.460000   9460      -3.63636679e+01       1.49872926e+02   184.8777
  9.470000   9470      -3.62457709e+01       1.49755275e+02   184.7326
  9.480000   9480      -3.64213384e+01       1.49930773e+02   184.9491
  9.490000   9490      -3.68718702e+01       1.50380717e+02   185.5041
  9.500000   9500      -3.69688106e+01       1.50477480e+02   185.6235
  9.510000   9510      -3.76805886e+01       1.51190289e+02   186.5027
  9.520000   9520      -3.91940542e+01       1.52700885e+02   188.3662
  9.530000   9530      -3.84651726e+01       1.51974923e+02   187.4706
  9.540000   9540      -3.83821820e+01       1.51890439e+02   187.3664
  9.550000   9550      -3.78731211e+01       1.51381413e+02   186.7385
  9.560000   9560      -3.67386986e+01       1.50248932e+02   185.3415
  9.570000   9570      -3.73177454e+01       1.50827118e+02   186.0548
  9.580000   9580      -3.86021291e+01       1.52109918e+02   187.6372
  9.590000   9590      -3.82440086e+01       1.51751399e+02   187.1949
  9.600000   9600      -3.67509919e+01       1.50262182e+02   185.3579
  9.610000   9610      -3.78447069e+01       1.51349915e+02   186.6997
  9.620000   9620      -3.64032422e+01       1.49913349e+02   184.9276
  9.630000   9630      -3.67562491e+01       1.50261906e+02   185.3575
  9.640000   9640      -3.76957065e+01       1.51203503e+02   186.5190
  9.650000   9650      -3.83826858e+01       1.51890744e+02   187.3668
  9.660000   9660      -3.73192535e+01       1.50825824e+02   186.0532
  9.670000   9670      -3.55407371e+01       1.49052519e+02   183.8657
  9.680000   9680      -3.69536069e+01       1.50460233e+02   185.6022
  9.690000   9690      -3.66694710e+01       1.50179207e+02   185.2555
  9.700000   9700      -3.71480705e+01       1.50657114e+02   185.8450
  9.710000   9710      -3.79365428e+01       1.51444675e+02   186.8165
  9.720000   9720      -3.77440403e+01       1.51252134e+02   186.5790
  9.730000   9730      -3.69185649e+01       1.50427923e+02   185.5623
  9.740000   9740      -3.69876980e+01       1.50496309e+02   185.6467
  9.750000   9750      -3.68689649e+01       1.50377459e+02   185.5001
  9.760000   9760      -3.59308032e+01       1.49439926e+02   184.3436
  9.770000   9770      -3.46776353e+01       1.48185801e+02   182.7965
  9.780000   9780      -3.29602067e+01       1.46471729e+02   180.6821
  9.790000   9790      -3.40323732e+01       1.47540486e+02   182.0005
  9.800000   9800      -3.51261578e+01       1.48634936e+02   183.3506
  9.810000   9810      -3.54829854e+01       1.48991862e+02   183.7908
  9.820000   9820      -3.55093778e+01       1.49018840e+02   183.8241
  9.830000   9830      -3.59288632e+01       1.49437276e+02   184.3403
  9.840000   9840      -3.62139882e+01       1.49722687e+02   184.6924
  9.850000   9850      -3.65073276e+01       1.50015350e+02   185.0534
  9.860000   9860      -3.72531696e+01       1.50762460e+02   185.9750
  9.870000   9870      -3.87080922e+01       1.52215953e+02   187.7680
  9.880000   9880      -3.87690829e+01       1.52278214e+02   187.8448
  9.890000   9890      -3.84390045e+01       1.51945771e+02   187.4347
  9.900000   9900      -3.47325672e+01       1.48239081e+02   182.8622
  9.910000   9910      -3.49094602e+01       1.48415173e+02   183.0795
  9.920000   9920      -3.83049376e+01       1.51810984e+02   187.2684
  9.930000   9930      -3.81030958e+01       1.51612180e+02   187.0232
  9.940000   9940      -3.74823140e+01       1.50991322e+02   186.2573
  9.950000   9950      -3.65214874e+01       1.50029425e+02   185.0707
  9.960000   9960      -3.48398777e+01       1.48350780e+02   183.0000
  9.970000   9970      -3.55080204e+01       1.49016157e+02   183.8208
  9.980000   9980      -3.60068370e+01       1.49515306e+02   184.4366
  9.990000   9990      -3.56363235e+01       1.49145810e+02   183.9808
 10.000000  10000      -3.51057800e+01       1.48609224e+02   183.3188
