# Time(ps) Step E_pot(kJ/mol) E_kin(kJ/mol) Temp(K)
  0.000000      0      -3.51608704e-27       2.35714941e+02   295.3125
  0.000000      0      -3.52070363e-27       2.35716588e+02   295.3146
  0.010000     10      -3.66413948e-27       2.35802981e+02   295.4228
  0.020000     20      -4.01076459e-27       2.36011761e+02   295.6844
  0.030000     30      -4.63023550e-27       2.36384813e+02   296.1517
  0.040000     40      -5.31244117e-27       2.36793760e+02   296.6641
  0.050000     50       4.33012191e-28       2.33319226e+02   292.3111
  0.060000     60       3.90901930e-27       2.31236603e+02   289.7019
  0.070000     70      -6.49103460e-27       2.37499815e+02   297.5487
  0.080000     80      -6.04821540e-27       2.37236643e+02   297.2189
  0.090000     90      -3.25505362e-27       2.35558568e+02   295.1166
  0.100000    100      -5.51812640e-27       2.36915061e+02   296.8161
  0.110000    110      -4.83447586e-27       2.36506237e+02   296.3039
  0.120000    120      -3.47295791e-27       2.35687662e+02   295.2783
  0.130000    130      -4.08332167e-27       2.36054999e+02   295.7385
  0.140000    140      -6.37249733e-27       2.37432273e+02   297.4640
  0.150000    150      -6.57385818e-27       2.37550948e+02   297.6127
  0.160000    160      -3.19310874e-27       2.35522481e+02   295.0714
  0.170000    170      -5.75363861e-27       2.37057955e+02   296.9951
  0.180000    180      -3.51026086e-27       2.35704493e+02   295.2994
  0.190000    190      -1.44769607e-27       2.34468386e+02   293.7508
  0.200000    200      -6.81583641e-27       2.37698070e+02   297.7970
  0.210000    210      -6.62483339e-27       2.37585131e+02   297.6555
  0.220000    220      -5.06566464e-27       2.36647029e+02   296.4803
  0.230000    230      -4.64594065e-27       2.36394472e+02   296.1638
  0.240000    240      -5.69604600e-27       2.37025930e+02   296.9550
  0.250000    250      -6.04356855e-27       2.37235508e+02   297.2175
  0.260000    260      -5.80260439e-27       2.37090617e+02   297.0360
  0.270000    270      -5.40792491e-27       2.36853032e+02   296.7383
  0.280000    280      -5.07205642e-27       2.36650786e+02   296.4850
  0.290000    290      -4.84770370e-27       2.36515661e+02   296.3157
  0.300000    300      -4.70058049e-27       2.36427041e+02   296.2046
  0.310000    310      -4.57859997e-27       2.36353580e+02   296.1126
  0.320000    320      -4.46508438e-27       2.36285235e+02   296.0270
  0.330000    330      -4.38116152e-27       2.36234703e+02   295.9637
  0.340000    340      -4.33089936e-27       2.36204371e+02   295.9257
  0.350000    350      -4.16009964e-27       2.36101201e+02   295.7964
  0.360000    360      -3.23594021e-27       2.35544114e+02   295.0985
  0.370000    370      -1.42301749e-27       2.34454046e+02   293.7328
  0.380000    380      -1.63812687e-27       2.34581524e+02   293.8925
  0.390000    390      -1.18200638e-27       2.34308177e+02   293.5501
  0.400000    400      -1.74458287e-27       2.34646665e+02   293.9741
  0.410000    410      -3.01370549e-27       2.35410469e+02   294.9310
  0.420000    420      -3.07757627e-27       2.35449518e+02   294.9800
  0.430000    430      -2.81811409e-27       2.35293422e+02   294.7844
  0.440000    440      -2.60569704e-27       2.35165528e+02   294.6242
  0.450000    450      -2.51331569e-27       2.35109894e+02   294.5545
  0.460000    460      -2.54083973e-27       2.35126440e+02   294.5752
  0.470000    470      -2.61716471e-27       2.35172289e+02   294.6326
  0.480000    480      -2.49582010e-27       2.35098949e+02   294.5408
  0.490000    490      -1.78956474e-27       2.34673751e+02   294.0081
  0.500000    500      -9.92351461e-28       2.34193304e+02   293.4061
  0.510000    510       6.51317275e-28       2.33202111e+02   292.1643
  0.520000    520       2.38073264e-27       2.32164611e+02   290.8645
  0.530000    530      -1.14267854e-27       2.34282384e+02   293.5177
  0.540000    540      -2.59849863e-27       2.35160515e+02   294.6179
  0.550000    550      -2.65869328e-27       2.35197294e+02   294.6640
  0.560000    560      -2.47010333e-27       2.35083820e+02   294.5218
  0.570000    570      -2.27977343e-27       2.34969210e+02   294.3782
  0.580000    580      -2.11803070e-27       2.34871806e+02   294.2562
  0.590000    590      -1.98546221e-27       2.34791973e+02   294.1562
  0.600000    600      -1.88300568e-27       2.34730271e+02   294.0789
  0.610000    610      -1.80899033e-27       2.34685695e+02   294.0230
  0.620000    620      -1.75746709e-27       2.34654663e+02   293.9841
  0.630000    630      -1.72090430e-27       2.34632641e+02   293.9566
  0.640000    640      -1.69301177e-27       2.34615842e+02   293.9355
  0.650000    650      -1.67005058e-27       2.34602014e+02   293.9182
  0.660000    660      -1.65077317e-27       2.34590405e+02   293.9036
  0.670000    670      -1.63562730e-27       2.34581284e+02   293.8922
  0.680000    680      -1.62580315e-27       2.34575369e+02   293.8848
  0.690000    690      -1.62237896e-27       2.34573307e+02   293.8822
  0.700000    700      -1.62550572e-27       2.34575189e+02   293.8846
  0.710000    710      -1.63347040e-27       2.34579983e+02   293.8906
  0.720000    720      -1.64169177e-27       2.34584930e+02   293.8968
  0.730000    730      -1.64194003e-27       2.34585074e+02   293.8970
  0.740000    740      -1.62178041e-27       2.34572925e+02   293.8817
  0.750000    750      -1.56474643e-27       2.34538570e+02   293.8387
  0.760000    760      -1.45748746e-27       2.34473979e+02   293.7578
  0.770000    770      -1.31756437e-27       2.34389747e+02   293.6522
  0.780000    780      -1.22518681e-27       2.34334156e+02   293.5826
  0.790000    790      -1.26939742e-27       2.34360776e+02   293.6160
  0.800000    800      -1.43895197e-27       2.34462853e+02   293.7438
  0.810000    810      -1.64786783e-27       2.34588560e+02   293.9013
  0.820000    820      -1.50079848e-27       2.34498486e+02   293.7885
  0.830000    830       2.70628162e-27       2.31962083e+02   290.6108
  0.840000    840       2.75119419e-27       2.31935126e+02   290.5770
  0.850000    850      -1.48720129e-27       2.34490313e+02   293.7782
  0.860000    860      -1.70368590e-27       2.34622233e+02   293.9435
  0.870000    870      -1.66558660e-27       2.34599383e+02   293.9149
  0.880000    880      -1.72006642e-27       2.34632076e+02   293.9558
  0.890000    890      -1.52506468e-27       2.34513598e+02   293.8074
  0.900000    900       8.33143434e-28       2.33094056e+02   292.0290
  0.910000    910       9.70291375e-28       2.33011749e+02   291.9258
  0.920000    920      -1.42633964e-27       2.34454074e+02   293.7328
  0.930000    930      -1.59297607e-27       2.34555523e+02   293.8599
  0.940000    940      -1.46372138e-27       2.34477797e+02   293.7626
  0.950000    950      -1.39757784e-27       2.34437962e+02   293.7127
  0.960000    960      -1.40387696e-27       2.34441750e+02   293.7174
  0.970000    970      -1.46985582e-27       2.34481462e+02   293.7672
  0.980000    980      -1.54918121e-27       2.34529188e+02   293.8269
  0.990000    990      -1.57519789e-27       2.34544897e+02   293.8466
  1.000000   1000      -1.61245355e-27       2.34567358e+02   293.8748
  1.010000   1010      -1.69412611e-27       2.34616476e+02   293.9363
  1.020000   1020      -1.72860864e-27       2.34637271e+02   293.9624
  1.030000   1030      -1.75134318e-27       2.34650987e+02   293.9795
  1.040000   1040      -1.80769105e-27       2.34684914e+02   294.0220
  1.050000   1050      -1.88927882e-27       2.34734035e+02   294.0836
  1.060000   1060      -1.97135325e-27       2.34783450e+02   294.1455
  1.070000   1070      -2.03233865e-27       2.34820171e+02   294.1915
  1.080000   1080      -2.06197542e-27       2.34838023e+02   294.2139
  1.090000   1090      -2.06873177e-27       2.34842101e+02   294.2190
  1.100000   1100      -2.06987539e-27       2.34842788e+02   294.2198
  1.110000   1110      -2.06401878e-27       2.34839249e+02   294.2154
  1.120000   1120      -2.03062105e-27       2.34819130e+02   294.1902
  1.130000   1130      -1.95869036e-27       2.34775818e+02   294.1359
  1.140000   1140      -1.85871903e-27       2.34715626e+02   294.0605
  1.150000   1150      -1.75273902e-27       2.34651817e+02   293.9806
  1.160000   1160      -1.66423075e-27       2.34598525e+02   293.9138
  1.170000   1170      -1.60878967e-27       2.34565126e+02   293.8720
  1.180000   1180      -1.54726185e-27       2.34527939e+02   293.8254
  1.190000   1190      -1.15735771e-27       2.34292575e+02   293.5305
  1.200000   1200       3.89868734e-28       2.33361365e+02   292.3639
  1.210000   1210       8.77117272e-28       2.33068691e+02   291.9972
  1.220000   1220      -6.85478766e-28       2.34008246e+02   293.1743
  1.230000   1230      -1.10479208e-27       2.34261405e+02   293.4915
  1.240000   1240      -1.04084117e-27       2.34223098e+02   293.4435
  1.250000   1250      -9.59160474e-28       2.34173939e+02   293.3819
  1.260000   1260      -9.39937589e-28       2.34162348e+02   293.3674
  1.270000   1270      -9.46458632e-28       2.34166171e+02   293.3721
  1.280000   1280      -7.25558495e-28       2.34032660e+02   293.2049
  1.290000   1290       6.22533483e-28       2.33220426e+02   292.1873
  1.300000   1300       2.04527179e-27       2.32365948e+02   291.1168
  1.310000   1310       1.87333349e-28       2.33482345e+02   292.5154
  1.320000   1320      -7.01366462e-28       2.34018279e+02   293.1869
  1.330000   1330      -7.52937650e-28       2.34049667e+02   293.2262
  1.340000   1340      -6.68559996e-28       2.33998912e+02   293.1626
  1.350000   1350      -5.97837843e-28       2.33956325e+02   293.1092
  1.360000   1360      -5.54639707e-28       2.33930307e+02   293.0766
  1.370000   1370      -5.32947222e-28       2.33917243e+02   293.0603
  1.380000   1380      -5.30880831e-28       2.33916003e+02   293.0587
  1.390000   1390      -5.57569061e-28       2.33932087e+02   293.0789
  1.400000   1400      -6.36606526e-28       2.33979701e+02   293.1385
  1.410000   1410      -7.98285909e-28       2.34077056e+02   293.2605
  1.420000   1420      -9.82123982e-28       2.34187426e+02   293.3988
  1.430000   1430      -1.19625443e-28       2.33664561e+02   292.7437
  1.440000   1440       5.97372445e-27       2.30005261e+02   288.1592
  1.450000   1450       8.29465964e-28       2.33091200e+02   292.0254
  1.460000   1460      -1.01933824e-27       2.34209514e+02   293.4264
  1.470000   1470      -9.07774891e-28       2.34142962e+02   293.3431
  1.480000   1480      -7.25898455e-28       2.34033470e+02   293.2059
  1.490000   1490      -6.16210991e-28       2.33967400e+02   293.1231
  1.500000   1500      -5.56623988e-28       2.33931505e+02   293.0781
  1.510000   1510      -5.24057311e-28       2.33911886e+02   293.0536
  1.520000   1520      -5.03809580e-28       2.33899687e+02   293.0383
  1.530000   1530      -4.86121198e-28       2.33889034e+02   293.0249
  1.540000   1540      -4.69017267e-28       2.33878738e+02   293.0120
  1.550000   1550      -4.60269304e-28       2.33873475e+02   293.0054
  1.560000   1560      -4.70311730e-28       2.33879526e+02   293.0130
  1.570000   1570      -5.05152819e-28       2.33900510e+02   293.0393
  1.580000   1580      -5.70717448e-28       2.33940002e+02   293.0888
  1.590000   1590      -6.83293595e-28       2.34007799e+02   293.1737
  1.600000   1600      -8.02183593e-28       2.34079022e+02   293.2630
  1.610000   1610       4.12087852e-28       2.33342890e+02   292.3407
  1.620000   1620       6.94011246e-27       2.29426706e+02   287.4344
  1.630000   1630       3.49057100e-28       2.33381105e+02   292.3886
  1.640000   1640      -7.69652556e-28       2.34059489e+02   293.2385
  1.650000   1650      -7.02309889e-28       2.34019281e+02   293.1881
  1.660000   1660      -6.98866067e-28       2.34017170e+02   293.1855
  1.670000   1670      -7.25781465e-28       2.34033314e+02   293.2057
  1.680000   1680      -6.87048705e-28       2.34010069e+02   293.1766
  1.690000   1690      -7.16658295e-28       2.34027944e+02   293.1990
  1.700000   1700      -8.67193547e-28       2.34118451e+02   293.3124
  1.710000   1710      -9.06373968e-28       2.34142015e+02   293.3419
  1.720000   1720      -7.37823902e-28       2.34040459e+02   293.2146
  1.730000   1730      -3.11681787e-28       2.33783936e+02   292.8933
  1.740000   1740      -3.72401426e-29       2.33618962e+02   292.6866
  1.750000   1750      -1.07331563e-28       2.33657704e+02   292.7351
  1.760000   1760       6.49063973e-27       2.29692711e+02   287.7676
  1.770000   1770       8.75127082e-28       2.33060570e+02   291.9870
  1.780000   1780      -1.15410101e-27       2.34290799e+02   293.5283
  1.790000   1790      -1.00941674e-27       2.34204208e+02   293.4198
  1.800000   1800      -8.82851600e-28       2.34127956e+02   293.3243
  1.810000   1810      -7.73904596e-28       2.34062341e+02   293.2421
  1.820000   1820      -6.66533722e-28       2.33997688e+02   293.1611
  1.830000   1830      -5.72995158e-28       2.33941362e+02   293.0905
  1.840000   1840      -5.01011692e-28       2.33898012e+02   293.0362
  1.850000   1850      -4.50179209e-28       2.33867398e+02   292.9978
  1.860000   1860      -4.16179057e-28       2.33846920e+02   292.9722
  1.870000   1870      -3.93981032e-28       2.33833550e+02   292.9554
  1.880000   1880      -3.79454452e-28       2.33824800e+02   292.9445
  1.890000   1890      -3.69767726e-28       2.33818966e+02   292.9372
  1.900000   1900      -3.62607999e-28       2.33814652e+02   292.9317
  1.910000   1910      -3.54918717e-28       2.33810020e+02   292.9259
  1.920000   1920      -3.43265861e-28       2.33803002e+02   292.9172
  1.930000   1930      -3.26758354e-28       2.33793063e+02   292.9047
  1.940000   1940      -3.09072577e-28       2.33782415e+02   292.8914
  1.950000   1950      -2.96189609e-28       2.33774659e+02   292.8816
  1.960000   1960      -2.92421971e-28       2.33772391e+02   292.8788
  1.970000   1970      -2.98968810e-28       2.33776333e+02   292.8837
  1.980000   1980      -3.15013151e-28       2.33785994e+02   292.8958
  1.990000   1990      -3.39188845e-28       2.33800553e+02   292.9141
  2.000000   2000      -3.70358990e-28       2.33819323e+02   292.9376
  2.010000   2010      -4.07866052e-28       2.33841911e+02   292.9659
  2.020000   2020      -4.51811737e-28       2.33868376e+02   292.9991
  2.030000   2030      -5.03667324e-28       2.33899606e+02   293.0382
  2.040000   2040      -5.66959884e-28       2.33937725e+02   293.0859
  2.050000   2050      -6.47327641e-28       2.33986126e+02   293.1466
  2.060000   2060      -7.50565194e-28       2.34048297e+02   293.2245
  2.070000   2070      -8.74438075e-28       2.34122879e+02   293.3179
  2.080000   2080      -9.79967479e-28       2.34186357e+02   293.3974
  2.090000   2090      -9.07280444e-28       2.34142381e+02   293.3423
  2.100000   2100      -3.22686799e-28       2.33790335e+02   292.9013
  2.110000   2110       3.30740257e-28       2.33397634e+02   292.4093
  2.120000   2120      -3.10353910e-28       2.33782958e+02   292.8920
  2.130000   2130      -1.00543963e-27       2.34201448e+02   293.4163
  2.140000   2140      -1.12483457e-27       2.34273564e+02   293.5067
  2.150000   2150      -1.00834832e-27       2.34203529e+02   293.4189
  2.160000   2160      -9.04846296e-28       2.34141255e+02   293.3409
  2.170000   2170      -9.34725522e-28       2.34159237e+02   293.3635
  2.180000   2180      -1.07734546e-27       2.34245084e+02   293.4710
  2.190000   2190      -1.24728340e-27       2.34347406e+02   293.5992
  2.200000   2200      -1.39987977e-27       2.34439285e+02   293.7143
  2.210000   2210      -1.47355369e-27       2.34483455e+02   293.7696
  2.220000   2220      -9.53654156e-28       2.34169219e+02   293.3760
  2.230000   2230       2.11202853e-27       2.32323175e+02   291.0632
  2.240000   2240       3.74008378e-27       2.31344232e+02   289.8367
  2.250000   2250       1.05007916e-27       2.32962721e+02   291.8644
  2.260000   2260      -5.85457305e-28       2.33948132e+02   293.0990
  2.270000   2270      -9.62870275e-28       2.34175960e+02   293.3844
  2.280000   2280      -9.26219764e-28       2.34154057e+02   293.3570
  2.290000   2290      -8.48217916e-28       2.34107112e+02   293.2982
  2.300000   2300      -8.03605774e-28       2.34080243e+02   293.2645
  2.310000   2310      -7.90793184e-28       2.34072522e+02   293.2548
  2.320000   2320      -8.00553366e-28       2.34078399e+02   293.2622
  2.330000   2330      -8.31494724e-28       2.34097035e+02   293.2855
  2.340000   2340      -8.88869383e-28       2.34131591e+02   293.3288
  2.350000   2350      -9.78253545e-28       2.34185408e+02   293.3962
  2.360000   2360      -1.06413063e-27       2.34237011e+02   293.4609
  2.370000   2370      -8.70395402e-28       2.34119823e+02   293.3141
  2.380000   2380       5.00850505e-28       2.33293922e+02   292.2794
  2.390000   2390       1.63446526e-27       2.32612961e+02   291.4262
  2.400000   2400       6.95180588e-29       2.33553455e+02   292.6045
  2.410000   2410      -6.59443311e-28       2.33993301e+02   293.1556
  2.420000   2420      -1.14327415e-27       2.34284570e+02   293.5205
  2.430000   2430      -1.00643427e-27       2.34199872e+02   293.4144
  2.440000   2440       4.19154847e-27       2.31071998e+02   289.4956
  2.450000   2450       2.46134996e-27       2.32107983e+02   290.7936
  2.460000   2460       4.79158281e-28       2.33307312e+02   292.2961
  2.470000   2470      -2.30444766e-28       2.33734770e+02   292.8317
  2.480000   2480      -9.73626837e-28       2.34182265e+02   293.3923
  2.490000   2490      -1.11129823e-27       2.34265426e+02   293.4965
  2.500000   2500      -1.02642823e-27       2.34214405e+02   293.4326
  2.510000   2510      -9.12113092e-28       2.34145582e+02   293.3463
  2.520000   2520      -8.15981135e-28       2.34087692e+02   293.2738
  2.530000   2530      -7.43719851e-28       2.34044174e+02   293.2193
  2.540000   2540      -6.92174180e-28       2.34013131e+02   293.1804
  2.550000   2550      -6.58600891e-28       2.33992912e+02   293.1551
  2.560000   2560      -6.43163221e-28       2.33983618e+02   293.1434
  2.570000   2570      -6.49952269e-28       2.33987711e+02   293.1486
  2.580000   2580      -6.88257507e-28       2.34010786e+02   293.1775
  2.590000   2590      -7.73136488e-28       2.34061910e+02   293.2415
  2.600000   2600      -9.20768596e-28       2.34150817e+02   293.3529
  2.610000   2610      -1.12901060e-27       2.34276192e+02   293.5100
  2.620000   2620      -1.32231613e-27       2.34392447e+02   293.6556
  2.630000   2630      -1.10231684e-27       2.34259093e+02   293.4886
  2.640000   2640       1.26834150e-27       2.32830448e+02   291.6987
  2.650000   2650       4.17808500e-27       2.31082089e+02   289.5083
  2.660000   2660       1.15376824e-27       2.32899772e+02   291.7856
  2.670000   2670      -1.03452885e-27       2.34218302e+02   293.4375
  2.680000   2680      -1.30938243e-27       2.34384641e+02   293.6459
  2.690000   2690      -1.14119170e-27       2.34283534e+02   293.5192
  2.700000   2700      -9.66989480e-28       2.34178661e+02   293.3878
  2.710000   2710      -8.72352796e-28       2.34121678e+02   293.3164
  2.720000   2720      -8.78099522e-28       2.34125148e+02   293.3207
  2.730000   2730      -1.00070594e-27       2.34198982e+02   293.4133
  2.740000   2740      -1.21789984e-27       2.34329607e+02   293.5769
  2.750000   2750      -1.00088887e-27       2.34197310e+02   293.4112
  2.760000   2760       2.42211057e-27       2.32137585e+02   290.8307
  2.770000   2770       1.32526541e-27       2.32795220e+02   291.6546
  2.780000   2780      -5.31496089e-28       2.33914068e+02   293.0563
  2.790000   2790       8.94580350e-28       2.33058857e+02   291.9849
  2.800000   2800      -6.87544775e-28       2.34009210e+02   293.1755
  2.810000   2810      -1.67320120e-27       2.34603499e+02   293.9200
  2.820000   2820      -1.80613492e-27       2.34683970e+02   294.0209
  2.830000   2830      -1.90155734e-27       2.34741368e+02   294.0928
  2.840000   2840      -1.87575806e-27       2.34725670e+02   294.0731
  2.850000   2850      -1.39357998e-27       2.34435053e+02   293.7090
  2.860000   2860      -2.20785011e-28       2.33729288e+02   292.8248
  2.870000   2870       1.97862197e-28       2.33477541e+02   292.5094
  2.880000   2880      -7.08343628e-28       2.34022180e+02   293.1917
  2.890000   2890      -2.40321438e-28       2.33737110e+02   292.8346
  2.900000   2900       5.25388961e-27       2.30438730e+02   288.7023
  2.910000   2910       4.03760833e-28       2.33348220e+02   292.3474
  2.920000   2920      -1.12682903e-27       2.34274348e+02   293.5077
  2.930000   2930      -9.69640491e-28       2.34180238e+02   293.3898
  2.940000   2940      -7.92556460e-28       2.34073624e+02   293.2562
  2.950000   2950      -7.12904222e-28       2.34025651e+02   293.1961
  2.960000   2960      -7.24417103e-28       2.34032576e+02   293.2048
  2.970000   2970      -8.04832179e-28       2.34080960e+02   293.2654
  2.980000   2980      -8.61506580e-28       2.34114990e+02   293.3080
  2.990000   2990      -7.43405601e-28       2.34043954e+02   293.2190
  3.000000   3000      -5.96190454e-28       2.33954651e+02   293.1071
  3.010000   3010       1.86811099e-27       2.32465649e+02   291.2417
  3.020000   3020       3.93281126e-27       2.31226792e+02   289.6896
  3.030000   3030       5.24647904e-28       2.33278793e+02   292.2604
  3.040000   3040       9.97671912e-30       2.33590280e+02   292.6506
  3.050000   3050      -1.19235888e-27       2.34313773e+02   293.5571
  3.060000   3060      -1.45614636e-27       2.34473140e+02   293.7567
  3.070000   3070      -1.52671970e-27       2.34515675e+02   293.8100
  3.080000   3080      -1.49324218e-27       2.34495150e+02   293.7843
  3.090000   3090      -6.61864562e-28       2.33994082e+02   293.1565
  3.100000   3100       7.86734980e-28       2.33123307e+02   292.0656
  3.110000   3110       3.98688624e-28       2.33355791e+02   292.3569
  3.120000   3120      -4.14898989e-28       2.33845974e+02   292.9710
  3.130000   3130      -1.20144477e-27       2.34319411e+02   293.5641
  3.140000   3140      -1.35589912e-27       2.34412694e+02   293.6810
  3.150000   3150      -1.21972402e-27       2.34330815e+02   293.5784
  3.160000   3160      -1.06575185e-27       2.34238157e+02   293.4623
  3.170000   3170      -1.02073481e-27       2.34210979e+02   293.4283
  3.180000   3180      -5.77951816e-28       2.33940561e+02   293.0895
  3.190000   3190       1.02129429e-26       2.27452403e+02   284.9609
  3.200000   3200       1.27311751e-27       2.32816723e+02   291.6815
  3.210000   3210      -8.41117321e-28       2.34102399e+02   293.2922
  3.220000   3220      -7.01718471e-28       2.34018915e+02   293.1877
  3.230000   3230      -6.05244795e-28       2.33960795e+02   293.1148
  3.240000   3240      -5.56514565e-28       2.33931432e+02   293.0781
  3.250000   3250      -5.22356489e-28       2.33910856e+02   293.0523
  3.260000   3260      -4.91431792e-28       2.33892233e+02   293.0289
  3.270000   3270      -4.63161190e-28       2.33875210e+02   293.0076
  3.280000   3280      -4.41108101e-28       2.33861932e+02   292.9910
  3.290000   3290      -4.29787951e-28       2.33855117e+02   292.9824
  3.300000   3300      -4.33517257e-28       2.33857365e+02   292.9853
  3.310000   3310      -4.56254268e-28       2.33871059e+02   293.0024
  3.320000   3320      -5.01113740e-28       2.33898074e+02   293.0363
  3.330000   3330      -5.68759274e-28       2.33938809e+02   293.0873
  3.340000   3340      -6.56164488e-28       2.33991444e+02   293.1532
  3.350000   3350      -7.59855968e-28       2.34053890e+02   293.2315
  3.360000   3360      -8.85177815e-28       2.34129372e+02   293.3260
  3.370000   3370      -1.05391575e-27       2.34231002e+02   293.4534
  3.380000   3380      -1.27312636e-27       2.34362863e+02   293.6186
  3.390000   3390      -9.41864801e-28       2.34160635e+02   293.3652
  3.400000   3400       5.49115748e-27       2.30290702e+02   288.5168
  3.410000   3410       1.06238363e-27       2.32948278e+02   291.8463
  3.420000   3420      -2.11522643e-27       2.34868998e+02   294.2527
  3.430000   3430      -1.77697100e-27       2.34664941e+02   293.9970
  3.440000   3440       9.31379681e-28       2.33035691e+02   291.9558
  3.450000   3450       1.90246602e-27       2.32443395e+02   291.2138
  3.460000   3460       6.88546421e-27       2.29459724e+02   287.4757
  3.470000   3470      -1.25234901e-27       2.34345343e+02   293.5966
  3.480000   3480      -2.01496874e-27       2.34809442e+02   294.1781
  3.490000   3490      -1.63371375e-27       2.34580179e+02   293.8908
  3.500000   3500      -1.31387528e-27       2.34387578e+02   293.6495
  3.510000   3510      -1.11049155e-27       2.34265088e+02   293.4961
  3.520000   3520      -1.00860290e-27       2.34203726e+02   293.4192
  3.530000   3530      -1.00187473e-27       2.34199679e+02   293.4141
  3.540000   3540      -1.09324661e-27       2.34254670e+02   293.4830
  3.550000   3550      -1.12852122e-27       2.34275148e+02   293.5087
  3.560000   3560       1.21235136e-27       2.32859826e+02   291.7355
  3.570000   3570       5.27959819e-27       2.30420407e+02   288.6793
  3.580000   3580      -7.60385486e-28       2.34051070e+02   293.2279
  3.590000   3590      -1.14267043e-27       2.34283856e+02   293.5196
  3.600000   3600      -1.80167263e-28       2.33704613e+02   292.7939
  3.610000   3610       4.12887826e-28       2.33348246e+02   292.3474
  3.620000   3620      -6.07373253e-28       2.33961583e+02   293.1158
  3.630000   3630      -1.26863093e-27       2.34359989e+02   293.6150
  3.640000   3640      -1.37563216e-27       2.34424653e+02   293.6960
  3.650000   3650      -1.34213731e-27       2.34404545e+02   293.6708
  3.660000   3660      -1.31593590e-27       2.34388782e+02   293.6510
  3.670000   3670      -1.34020749e-27       2.34403403e+02   293.6694
  3.680000   3680      -1.41922223e-27       2.34450886e+02   293.7288
  3.690000   3690      -1.30319656e-27       2.34380405e+02   293.6405
  3.700000   3700       4.81437647e-28       2.33302747e+02   292.2904
  3.710000   3710       4.87149629e-27       2.30669175e+02   288.9910
  3.720000   3720      -1.80863771e-28       2.33701174e+02   292.7896
  3.730000   3730      -7.47307527e-28       2.34045757e+02   293.2213
  3.740000   3740      -1.62149962e-28       2.33694279e+02   292.7809
  3.750000   3750      -5.83226415e-28       2.33947342e+02   293.0980
  3.760000   3760      -1.07138162e-27       2.34241269e+02   293.4662
  3.770000   3770      -1.19439330e-27       2.34315486e+02   293.5592
  3.780000   3780      -1.14871467e-27       2.34288045e+02   293.5248
  3.790000   3790      -1.07197963e-27       2.34241855e+02   293.4670
  3.800000   3800      -1.00959765e-27       2.34204286e+02   293.4199
  3.810000   3810      -9.64033888e-28       2.34176850e+02   293.3855
  3.820000   3820      -9.40496316e-28       2.34162679e+02   293.3678
  3.830000   3830      -9.43210777e-28       2.34164300e+02   293.3698
  3.840000   3840      -9.45057337e-28       2.34165391e+02   293.3712
  3.850000   3850      -9.14643435e-28       2.34147101e+02   293.3483
  3.860000   3860      -8.95933051e-28       2.34135857e+02   293.3342
  3.870000   3870      -9.21869535e-28       2.34151434e+02   293.3537
  3.880000   3880      -9.28765871e-28       2.34155584e+02   293.3589
  3.890000   3890      -9.07750486e-28       2.34142958e+02   293.3431
  3.900000   3900      -9.10671205e-28       2.34144734e+02   293.3453
  3.910000   3910      -9.71137265e-28       2.34181150e+02   293.3909
  3.920000   3920      -1.09619787e-27       2.34256461e+02   293.4853
  3.930000   3930      -1.28213430e-27       2.34368429e+02   293.6255
  3.940000   3940      -1.51369456e-27       2.34507843e+02   293.8002
  3.950000   3950      -1.71038703e-27       2.34626159e+02   293.9484
  3.960000   3960      -1.59031282e-27       2.34553481e+02   293.8574
  3.970000   3970      -5.33245041e-28       2.33916848e+02   293.0598
  3.980000   3980       1.29077411e-28       2.33518401e+02   292.5606
  3.990000   3990       1.99175461e-27       2.32388391e+02   291.1449
  4.000000   4000       9.26774179e-27       2.28011839e+02   285.6618
  4.010000   4010       1.87535795e-27       2.32456207e+02   291.2298
  4.020000   4020      -9.76514718e-28       2.34182550e+02   293.3927
  4.030000   4030      -3.26379616e-28       2.33793721e+02   292.9055
  4.040000   4040      -1.50655310e-27       2.34502686e+02   293.7937
  4.050000   4050      -1.57355422e-27       2.34543776e+02   293.8452
  4.060000   4060      -1.28148259e-27       2.34368067e+02   293.6251
  4.070000   4070      -1.07405427e-27       2.34243145e+02   293.4686
  4.080000   4080      -9.64639375e-28       2.34177235e+02   293.3860
  4.090000   4090      -9.19123308e-28       2.34149817e+02   293.3517
  4.100000   4100      -9.22833537e-28       2.34152054e+02   293.3545
  4.110000   4110      -9.78717509e-28       2.34185707e+02   293.3966
  4.120000   4120      -1.07640746e-27       2.34244477e+02   293.4702
  4.130000   4130      -1.06261550e-27       2.34235842e+02   293.4594
  4.140000   4140      -2.32594260e-28       2.33735182e+02   292.8322
  4.150000   4150       2.11208466e-27       2.32325160e+02   291.0657
  4.160000   4160       1.61638460e-27       2.32622767e+02   291.4385
  4.170000   4170      -4.39076719e-28       2.33859740e+02   292.9882
  4.180000   4180      -9.46909637e-28       2.34166278e+02   293.3723
  4.190000   4190      -8.77082827e-28       2.34124488e+02   293.3199
  4.200000   4200      -7.99909661e-28       2.34078069e+02   293.2618
  4.210000   4210      -8.20549988e-28       2.34090244e+02   293.2770
  4.220000   4220       1.79726990e-29       2.33581399e+02   292.6395
  4.230000   4230       6.58243436e-27       2.29640839e+02   287.7026
  4.240000   4240       7.62273094e-28       2.33131333e+02   292.0757
  4.250000   4250      -8.23095927e-28       2.34091545e+02   293.2786
  4.260000   4260      -8.11718604e-28       2.34085177e+02   293.2707
  4.270000   4270      -8.72526583e-28       2.34121794e+02   293.3165
  4.280000   4280      -1.02235910e-27       2.34211772e+02   293.4293
  4.290000   4290      -6.99461757e-28       2.34016865e+02   293.1851
  4.300000   4300       9.92479353e-29       2.33537801e+02   292.5849
  4.310000   4310      -8.27055829e-28       2.34093639e+02   293.2813
  4.320000   4320      -1.06530116e-27       2.34237662e+02   293.4617
  4.330000   4330      -8.79807522e-28       2.34126159e+02   293.3220
  4.340000   4340      -7.51848131e-28       2.34049114e+02   293.2255
  4.350000   4350      -7.30824522e-28       2.34036417e+02   293.2096
  4.360000   4360      -6.98372435e-28       2.34016558e+02   293.1847
  4.370000   4370      -1.56264562e-28       2.33690436e+02   292.7761
  4.380000   4380       4.22197361e-29       2.33571300e+02   292.6269
  4.390000   4390      -5.32688292e-28       2.33916680e+02   293.0596
  4.400000   4400      -5.43636113e-28       2.33923637e+02   293.0683
  4.410000   4410      -4.27728859e-28       2.33853912e+02   292.9809
  4.420000   4420      -3.84397702e-28       2.33827804e+02   292.9482
  4.430000   4430      -4.00804220e-28       2.33837672e+02   292.9606
  4.440000   4440      -4.52697020e-28       2.33868911e+02   292.9997
  4.450000   4450      -5.14422556e-28       2.33906054e+02   293.0463
  4.460000   4460      -5.20365065e-28       2.33909546e+02   293.0506
  4.470000   4470      -2.97736456e-28       2.33775334e+02   292.8825
  4.480000   4480       3.08717651e-28       2.33410355e+02   292.4252
  4.490000   4490       5.93013032e-28       2.33239498e+02   292.2112
  4.500000   4500      -3.66788655e-29       2.33618177e+02   292.6856
  4.510000   4510      -5.78121640e-28       2.33944252e+02   293.0941
  4.520000   4520      -7.84506778e-28       2.34068683e+02   293.2500
  4.530000   4530      -8.89633402e-28       2.34132036e+02   293.3294
  4.540000   4540      -9.68277369e-28       2.34179241e+02   293.3885
  4.550000   4550      -6.61514814e-28       2.33993948e+02   293.1564
  4.560000   4560       6.27800136e-28       2.33218854e+02   292.1853
  4.570000   4570       2.57034793e-28       2.33441457e+02   292.4642
  4.580000   4580      -9.15602051e-28       2.34147026e+02   293.3482
  4.590000   4590      -9.62487863e-28       2.34175661e+02   293.3840
  4.600000   4600      -4.62078746e-28       2.33874307e+02   293.0065
  4.610000   4610       3.87342128e-28       2.33363015e+02   292.3659
  4.620000   4620       8.15748941e-28       2.33105443e+02   292.0432
  4.630000   4630       1.03142701e-28       2.33533985e+02   292.5801
  4.640000   4640      -6.24351702e-28       2.33972005e+02   293.1289
  4.650000   4650      -8.82329747e-28       2.34127523e+02   293.3237
  4.660000   4660      -9.03143035e-28       2.34140142e+02   293.3395
  4.670000   4670      -8.60027582e-28       2.34114208e+02   293.3070
  4.680000   4680      -8.19460298e-28       2.34089788e+02   293.2764
  4.690000   4690      -8.04855933e-28       2.34081000e+02   293.2654
  4.700000   4700      -8.32120540e-28       2.34097432e+02   293.2860
  4.710000   4710      -9.25446159e-28       2.34153638e+02   293.3564
  4.720000   4720      -1.04578990e-27       2.34225712e+02   293.4467
  4.730000   4730       2.90279286e-28       2.33415296e+02   292.4314
  4.740000   4740       7.60333858e-27       2.29028803e+02   286.9359
  4.750000   4750      -1.25938708e-28       2.33666892e+02   292.7466
  4.760000   4760      -1.19367999e-27       2.34314803e+02   293.5584
  4.770000   4770      -9.85730621e-28       2.34189796e+02   293.4017
  4.780000   4780      -5.58639689e-28       2.33932638e+02   293.0796
  4.790000   4790      -1.74821874e-28       2.33701828e+02   292.7904
  4.800000   4800      -4.41357952e-28       2.33862035e+02   292.9911
  4.810000   4810      -7.00650624e-28       2.34017031e+02   293.1853
  4.820000   4820       1.64566352e-27       2.32602438e+02   291.4130
  4.830000   4830       3.25586659e-27       2.31636520e+02   290.2029
  4.840000   4840      -4.99431787e-28       2.33895106e+02   293.0325
  4.850000   4850      -1.05700352e-27       2.34232622e+02   293.4554
  4.860000   4860      -9.80377378e-28       2.34186693e+02   293.3979
  4.870000   4870      -8.99138863e-28       2.34137778e+02   293.3366
  4.880000   4880      -8.55765019e-28       2.34111661e+02   293.3039
  4.890000   4890      -8.59468133e-28       2.34113902e+02   293.3067
  4.900000   4900      -9.28436886e-28       2.34155426e+02   293.3587
  4.910000   4910      -1.04267851e-27       2.34224192e+02   293.4448
  4.920000   4920      -1.13941938e-27       2.34282401e+02   293.5178
  4.930000   4930      -1.10890480e-27       2.34263908e+02   293.4946
  4.940000   4940      -7.38619819e-28       2.34040869e+02   293.2152
  4.950000   4950      -1.17122445e-28       2.33667123e+02   292.7469
  4.960000   4960      -1.87284238e-28       2.33709164e+02   292.7996
  4.970000   4970      -6.36503381e-28       2.33979378e+02   293.1381
  4.980000   4980      -7.61324475e-28       2.34054689e+02   293.2325
  4.990000   4990      -7.24234481e-28       2.34032451e+02   293.2046
  5.000000   5000      -7.19462322e-28       2.34029601e+02   293.2010
  5.010000   5010      -7.84684555e-28       2.34068734e+02   293.2501
  5.020000   5020      -4.72411123e-28       2.33879301e+02   293.0127
  5.030000   5030       2.64209171e-27       2.32004924e+02   290.6645
  5.040000   5040       2.06611330e-27       2.32350466e+02   291.0974
  5.050000   5050      -6.82546473e-28       2.34006144e+02   293.1717
  5.060000   5060      -9.14131743e-28       2.34146718e+02   293.3478
  5.070000   5070      -8.62593202e-28       2.34115774e+02   293.3090
  5.080000   5080      -8.14330317e-28       2.34086451e+02   293.2723
  5.090000   5090      -4.81005271e-29       2.33623103e+02   292.6918
  5.100000   5100       3.85829710e-27       2.31274709e+02   289.7496
  5.110000   5110       1.62026506e-27       2.32617569e+02   291.4320
  5.120000   5120      -6.70248312e-28       2.33999015e+02   293.1627
  5.130000   5130      -8.15695001e-28       2.34087437e+02   293.2735
  5.140000   5140      -7.17198819e-28       2.34028212e+02   293.1993
  5.150000   5150      -6.47463463e-28       2.33986219e+02   293.1467
  5.160000   5160      -6.22876117e-28       2.33971409e+02   293.1281
  5.170000   5170      -6.38186739e-28       2.33980629e+02   293.1397
  5.180000   5180      -6.91647959e-28       2.34012823e+02   293.1800
  5.190000   5190      -7.80721045e-28       2.34066458e+02   293.2472
  5.200000   5200      -8.91833251e-28       2.34133353e+02   293.3310
  5.210000   5210      -9.88928237e-28       2.34191792e+02   293.4042
  5.220000   5220      -1.00956968e-27       2.34204195e+02   293.4198
  5.230000   5230      -9.21659650e-28       2.34151314e+02   293.3535
  5.240000   5240      -8.64238165e-28       2.34116709e+02   293.3102
  5.250000   5250      -5.26390786e-28       2.33910998e+02   293.0525
  5.260000   5260       4.50462778e-27       2.30883082e+02   289.2590
  5.270000   5270       2.03329399e-27       2.32365850e+02   291.1166
  5.280000   5280      -1.09233674e-27       2.34252986e+02   293.4809
  5.290000   5290      -1.09034022e-27       2.34252869e+02   293.4808
  5.300000   5300      -8.93888644e-28       2.34134635e+02   293.3326
  5.310000   5310      -7.63858523e-28       2.34056321e+02   293.2345
  5.320000   5320      -6.94306993e-28       2.34014427e+02   293.1820
  5.330000   5330      -6.67123800e-28       2.33998050e+02   293.1615
  5.340000   5340      -6.68762747e-28       2.33999032e+02   293.1627
  5.350000   5350      -6.88925086e-28       2.34011170e+02   293.1780
  5.360000   5360      -7.19718522e-28       2.34029712e+02   293.2012
  5.370000   5370      -7.55841188e-28       2.34051464e+02   293.2284
  5.380000   5380      -7.95028353e-28       2.34075064e+02   293.2580
  5.390000   5390      -8.38093728e-28       2.34101000e+02   293.2905
  5.400000   5400      -8.88284037e-28       2.34131228e+02   293.3284
  5.410000   5410      -9.50474450e-28       2.34168683e+02   293.3753
  5.420000   5420      -1.03044360e-27       2.34216843e+02   293.4356
  5.430000   5430      -1.13023815e-27       2.34276931e+02   293.5109
  5.440000   5440      -1.22742700e-27       2.34335414e+02   293.5842
  5.450000   5450      -1.22588624e-27       2.34334384e+02   293.5829
  5.460000   5460      -9.64910594e-28       2.34177250e+02   293.3860
  5.470000   5470      -6.41951244e-28       2.33983069e+02   293.1427
  5.480000   5480      -8.25324950e-28       2.34093325e+02   293.2809
  5.490000   5490      -1.23081030e-27       2.34337379e+02   293.5866
  5.500000   5500      -1.45785626e-27       2.34474081e+02   293.7579
  5.510000   5510      -1.43107775e-27       2.34458053e+02   293.7378
  5.520000   5520      -1.29362259e-27       2.34375290e+02   293.6341
  5.530000   5530      -1.10013837e-27       2.34258804e+02   293.4882
  5.540000   5540      -9.09721511e-28       2.34144167e+02   293.3446
  5.550000   5550      -7.86554470e-28       2.34070003e+02   293.2517
  5.560000   5560      -7.49631345e-28       2.34047766e+02   293.2238
  5.570000   5570      -7.96610434e-28       2.34076047e+02   293.2592
  5.580000   5580      -8.99934676e-28       2.34138205e+02   293.3371
  5.590000   5590      -9.16722709e-28       2.34148145e+02   293.3496
  5.600000   5600      -5.94220321e-28       2.33954133e+02   293.1065
  5.610000   5610      -4.58381354e-28       2.33872738e+02   293.0045
  5.620000   5620      -1.06529563e-27       2.34237538e+02   293.4616
  5.630000   5630      -1.25810651e-27       2.34353272e+02   293.6066
  5.640000   5640      -1.46470268e-28       2.33683823e+02   292.7678
  5.650000   5650       9.78542536e-28       2.33008300e+02   291.9215
  5.660000   5660      -5.34286892e-28       2.33917132e+02   293.0601
  5.670000   5670      -1.14432572e-27       2.34285125e+02   293.5212
  5.680000   5680      -1.09773723e-27       2.34257347e+02   293.4864
  5.690000   5690      -9.95014503e-28       2.34195522e+02   293.4089
  5.700000   5700      -9.38461409e-28       2.34161457e+02   293.3662
  5.710000   5710      -9.17143187e-28       2.34148610e+02   293.3501
  5.720000   5720      -9.14629579e-28       2.34147093e+02   293.3482
  5.730000   5730      -9.22239861e-28       2.34151671e+02   293.3540
  5.740000   5740      -9.30092901e-28       2.34156393e+02   293.3599
  5.750000   5750      -9.24984320e-28       2.34153312e+02   293.3560
  5.760000   5760      -8.98610941e-28       2.34137430e+02   293.3361
  5.770000   5770      -8.52638083e-28       2.34109750e+02   293.3015
  5.780000   5780      -7.96220430e-28       2.34075780e+02   293.2589
  5.790000   5790      -7.41304349e-28       2.34042715e+02   293.2175
  5.800000   5800      -6.99664719e-28       2.34017645e+02   293.1861
  5.810000   5810      -6.81866814e-28       2.34006930e+02   293.1726
  5.820000   5820      -6.95230859e-28       2.34014977e+02   293.1827
  5.830000   5830      -7.35198537e-28       2.34039031e+02   293.2129
  5.840000   5840      -7.72312058e-28       2.34061360e+02   293.2408
  5.850000   5850      -7.71712488e-28       2.34061011e+02   293.2404
  5.860000   5860      -7.53680566e-28       2.34050171e+02   293.2268
  5.870000   5870      -7.45069363e-28       2.34044961e+02   293.2203
  5.880000   5880      -7.11375884e-28       2.34024672e+02   293.1949
  5.890000   5890      -6.55128987e-28       2.33990825e+02   293.1525
  5.900000   5900      -6.22388338e-28       2.33971123e+02   293.1278
  5.910000   5910      -6.41959428e-28       2.33982905e+02   293.1425
  5.920000   5920      -7.00493236e-28       2.34018096e+02   293.1866
  5.930000   5930      -6.48645579e-28       2.33986562e+02   293.1471
  5.940000   5940       1.61791053e-28       2.33497860e+02   292.5349
  5.950000   5950       1.82226399e-27       2.32500123e+02   291.2849
  5.960000   5960       4.50455240e-28       2.33324255e+02   292.3174
  5.970000   5970      -1.06095262e-27       2.34234663e+02   293.4580
  5.980000   5980      -1.49382287e-27       2.34495560e+02   293.7848
  5.990000   5990      -1.04703378e-27       2.34225223e+02   293.4461
  6.000000   6000       2.35532675e-27       2.32176871e+02   290.8799
  6.010000   6010       3.49969346e-27       2.31488780e+02   290.0178
  6.020000   6020       1.99464261e-28       2.33474680e+02   292.5058
  6.030000   6030      -1.31781016e-27       2.34389232e+02   293.6516
  6.040000   6040      -1.55754600e-27       2.34534133e+02   293.8331
  6.050000   6050      -1.48244331e-27       2.34489043e+02   293.7766
  6.060000   6060      -1.40867701e-27       2.34444627e+02   293.7210
  6.070000   6070      -1.36197442e-27       2.34416462e+02   293.6857
  6.080000   6080      -1.27681196e-27       2.34365173e+02   293.6215
  6.090000   6090      -1.15836502e-27       2.34293919e+02   293.5322
  6.100000   6100      -1.12077780e-27       2.34271247e+02   293.5038
  6.110000   6110      -1.11203959e-27       2.34265932e+02   293.4971
  6.120000   6120      -1.04300786e-27       2.34224390e+02   293.4451
  6.130000   6130      -9.55893982e-28       2.34171952e+02   293.3794
  6.140000   6140      -8.93704179e-28       2.34134500e+02   293.3325
  6.150000   6150      -8.60118665e-28       2.34114273e+02   293.3071
  6.160000   6160      -8.53627331e-28       2.34110371e+02   293.3022
  6.170000   6170      -8.88249195e-28       2.34131236e+02   293.3284
  6.180000   6180      -9.92789505e-28       2.34194206e+02   293.4073
  6.190000   6190      -1.19322800e-27       2.34314912e+02   293.5585
  6.200000   6200      -1.48342504e-27       2.34489614e+02   293.7774
  6.210000   6210      -1.69415397e-27       2.34616029e+02   293.9357
  6.220000   6220      -6.78358190e-28       2.34002888e+02   293.1676
  6.230000   6230       1.53117058e-27       2.32677001e+02   291.5065
  6.240000   6240      -9.70499769e-28       2.34178922e+02   293.3881
  6.250000   6250      -1.74514751e-27       2.34646988e+02   293.9745
  6.260000   6260      -1.79170346e-27       2.34675332e+02   294.0100
  6.270000   6270      -1.90951680e-27       2.34746177e+02   294.0988
  6.280000   6280      -1.93799474e-27       2.34763148e+02   294.1201
  6.290000   6290      -1.31150367e-27       2.34383793e+02   293.6448
  6.300000   6300       4.09803334e-27       2.31129764e+02   289.5680
  6.310000   6310       8.55619633e-28       2.33074554e+02   292.0045
  6.320000   6320      -1.75862060e-27       2.34654240e+02   293.9836
  6.330000   6330      -1.18032166e-27       2.34306801e+02   293.5483
  6.340000   6340      -2.22603007e-28       2.33730814e+02   292.8267
  6.350000   6350      -4.01252929e-28       2.33838028e+02   292.9610
  6.360000   6360      -1.15687308e-27       2.34292714e+02   293.5307
  6.370000   6370      -1.51302426e-27       2.34507167e+02   293.7994
  6.380000   6380      -1.03323844e-27       2.34216416e+02   293.4351
  6.390000   6390       2.90888842e-27       2.31844787e+02   290.4638
  6.400000   6400       5.53457600e-27       2.30254130e+02   288.4710
  6.410000   6410       3.42840012e-27       2.31524471e+02   290.0625
  6.420000   6420      -1.11130226e-27       2.34263862e+02   293.4945
  6.430000   6430      -9.89429446e-28       2.34192166e+02   293.4047
  6.440000   6440      -7.86226918e-28       2.34069884e+02   293.2515
  6.450000   6450      -8.54604798e-28       2.34110941e+02   293.3029
  6.460000   6460      -9.50692287e-28       2.34168630e+02   293.3752
  6.470000   6470      -7.06379848e-28       2.34021369e+02   293.1907
  6.480000   6480      -5.61415654e-29       2.33630372e+02   292.7009
  6.490000   6490      -1.23394801e-28       2.33670765e+02   292.7515
  6.500000   6500      -7.58419595e-28       2.34052731e+02   293.2300
  6.510000   6510      -9.91181615e-28       2.34193074e+02   293.4058
  6.520000   6520      -9.82650072e-28       2.34188050e+02   293.3996
  6.530000   6530      -9.60547643e-28       2.34174773e+02   293.3829
  6.540000   6540      -1.00006499e-27       2.34198578e+02   293.4127
  6.550000   6550      -1.11883737e-27       2.34270100e+02   293.5023
  6.560000   6560      -1.30488815e-27       2.34382102e+02   293.6427
  6.570000   6570      -1.46699825e-27       2.34479591e+02   293.7648
  6.580000   6580      -1.35004013e-27       2.34409058e+02   293.6764
  6.590000   6590      -9.33671008e-28       2.34158834e+02   293.3630
  6.600000   6600      -1.09794584e-27       2.34257531e+02   293.4866
  6.610000   6610      -1.51135459e-27       2.34506184e+02   293.7981
  6.620000   6620      -1.51449822e-27       2.34508259e+02   293.8007
  6.630000   6630      -1.35211139e-27       2.34410573e+02   293.6783
  6.640000   6640      -1.24032894e-27       2.34343267e+02   293.5940
  6.650000   6650      -1.20970680e-27       2.34324804e+02   293.5709
  6.660000   6660      -1.21749487e-27       2.34329475e+02   293.5767
  6.670000   6670      -1.22386599e-27       2.34333304e+02   293.5815
  6.680000   6680      -1.21175987e-27       2.34326011e+02   293.5724
  6.690000   6690      -1.17498729e-27       2.34303863e+02   293.5446
  6.700000   6700      -1.10932404e-27       2.34264324e+02   293.4951
  6.710000   6710      -1.02440406e-27       2.34213200e+02   293.4311
  6.720000   6720      -9.48147309e-28       2.34167285e+02   293.3735
  6.730000   6730      -8.94240037e-28       2.34134814e+02   293.3329
  6.740000   6740      -8.53934346e-28       2.34110544e+02   293.3025
  6.750000   6750      -8.29987719e-28       2.34096126e+02   293.2844
  6.760000   6760      -8.18214974e-28       2.34088973e+02   293.2754
  6.770000   6770      -6.63213423e-28       2.33995332e+02   293.1581
  6.780000   6780       1.64753135e-28       2.33496639e+02   292.5333
  6.790000   6790       1.09369775e-27       2.32938567e+02   291.8342
  6.800000   6800       1.38386023e-28       2.33512442e+02   292.5531
  6.810000   6810      -5.14775290e-28       2.33905973e+02   293.0462
  6.820000   6820      -5.35519244e-28       2.33918737e+02   293.0621
  6.830000   6830      -4.31949462e-28       2.33856426e+02   292.9841
  6.840000   6840      -3.49641091e-28       2.33806862e+02   292.9220
  6.850000   6850      -3.02101890e-28       2.33778228e+02   292.8861
  6.860000   6860      -2.81124495e-28       2.33765592e+02   292.8703
  6.870000   6870      -2.79754464e-28       2.33764765e+02   292.8692
  6.880000   6880      -2.94669240e-28       2.33773747e+02   292.8805
  6.890000   6890      -3.25101322e-28       2.33792073e+02   292.9035
  6.900000   6900      -3.71526357e-28       2.33820032e+02   292.9385
  6.910000   6910      -4.34640876e-28       2.33858040e+02   292.9861
  6.920000   6920      -5.15363242e-28       2.33906654e+02   293.0470
  6.930000   6930      -6.17268588e-28       2.33968028e+02   293.1239
  6.940000   6940      -7.50315382e-28       2.34048156e+02   293.2243
  6.950000   6950      -9.20785545e-28       2.34150792e+02   293.3529
  6.960000   6960      -1.07458007e-27       2.34243327e+02   293.4688
  6.970000   6970      -1.08525087e-27       2.34249824e+02   293.4769
  6.980000   6980      -1.10315540e-27       2.34260757e+02   293.4906
  6.990000   6990      -1.32699668e-27       2.34395348e+02   293.6593
  7.000000   7000      -1.46758202e-27       2.34480045e+02   293.7654
  7.010000   7010      -1.53744511e-27       2.34522192e+02   293.8182
  7.020000   7020      -1.63758839e-27       2.34582241e+02   293.8934
  7.030000   7030      -9.00218295e-28       2.34135264e+02   293.3334
  7.040000   7040       3.93360945e-27       2.31233205e+02   289.6976
  7.050000   7050      -1.61675958e-28       2.33689022e+02   292.7744
  7.060000   7060      -7.93922159e-28       2.34071482e+02   293.2535
  7.070000   7070       3.65666837e-27       2.31396574e+02   289.9023
  7.080000   7080       1.23250228e-27       2.32850694e+02   291.7241
  7.090000   7090      -9.89854317e-28       2.34191531e+02   293.4039
  7.100000   7100      -1.10347316e-27       2.34260735e+02   293.4906
  7.110000   7110      -9.72935938e-28       2.34182207e+02   293.3922
  7.120000   7120      -8.45999833e-28       2.34105774e+02   293.2965
  7.130000   7130      -7.50132792e-28       2.34048042e+02   293.2241
  7.140000   7140      -6.86426526e-28       2.34009672e+02   293.1761
  7.150000   7150      -6.46019367e-28       2.33985331e+02   293.1456
  7.160000   7160      -6.14675629e-28       2.33966449e+02   293.1219
  7.170000   7170      -5.79886964e-28       2.33945495e+02   293.0957
  7.180000   7180      -5.34390879e-28       2.33918095e+02   293.0613
  7.190000   7190      -4.75881352e-28       2.33882862e+02   293.0172
  7.200000   7200      -4.08756894e-28       2.33842444e+02   292.9666
  7.210000   7210      -3.42720302e-28       2.33802681e+02   292.9167
  7.220000   7220      -2.86308238e-28       2.33768710e+02   292.8742
  7.230000   7230      -2.43003861e-28       2.33742632e+02   292.8415
  7.240000   7240      -2.12156453e-28       2.33724054e+02   292.8182
  7.250000   7250      -1.91409514e-28       2.33711558e+02   292.8026
  7.260000   7260      -1.78368495e-28       2.33703704e+02   292.7927
  7.270000   7270      -1.71251827e-28       2.33699418e+02   292.7874
  7.280000   7280      -1.68919881e-28       2.33698013e+02   292.7856
  7.290000   7290      -1.70631141e-28       2.33699043e+02   292.7869
  7.300000   7300      -1.75744763e-28       2.33702122e+02   292.7908
  7.310000   7310      -1.83497414e-28       2.33706790e+02   292.7966
  7.320000   7320      -1.92930656e-28       2.33712471e+02   292.8037
  7.330000   7330      -2.03036142e-28       2.33718556e+02   292.8114
  7.340000   7340      -2.13184542e-28       2.33724668e+02   292.8190
  7.350000   7350      -2.23979403e-28       2.33731170e+02   292.8272
  7.360000   7360      -2.38927075e-28       2.33740177e+02   292.8384
  7.370000   7370      -2.68227536e-28       2.33757834e+02   292.8606
  7.380000   7380      -3.37634909e-28       2.33799657e+02   292.9130
  7.390000   7390      -4.83282301e-28       2.33887265e+02   293.0227
  7.400000   7400      -9.59339490e-29       2.33650142e+02   292.7256
  7.410000   7410       9.10095131e-27       2.28124800e+02   285.8033
  7.420000   7420       1.35098448e-27       2.32772551e+02   291.6262
  7.430000   7430      -5.05199772e-28       2.33900118e+02   293.0388
  7.440000   7440      -3.53588793e-28       2.33809269e+02   292.9250
  7.450000   7450      -2.50863546e-28       2.33747387e+02   292.8475
  7.460000   7460      -2.06305089e-28       2.33720537e+02   292.8138
  7.470000   7470      -1.88839578e-28       2.33710014e+02   292.8007
  7.480000   7480      -1.87550125e-28       2.33709238e+02   292.7997
  7.490000   7490      -2.01875829e-28       2.33717868e+02   292.8105
  7.500000   7500      -2.37148890e-28       2.33739114e+02   292.8371
  7.510000   7510      -3.00571226e-28       2.33777307e+02   292.8850
  7.520000   7520      -3.87969841e-28       2.33829920e+02   292.9509
  7.530000   7530      -4.61139023e-28       2.33873955e+02   293.0060
  7.540000   7540      -4.76956804e-28       2.33883513e+02   293.0180
  7.550000   7550      -4.89912902e-28       2.33891346e+02   293.0278
  7.560000   7560      -5.44284129e-28       2.33924045e+02   293.0688
  7.570000   7570      -5.80366915e-28       2.33945791e+02   293.0960
  7.580000   7580      -6.21995366e-28       2.33970895e+02   293.1275
  7.590000   7590      -7.22189478e-28       2.34031170e+02   293.2030
  7.600000   7600      -6.69517438e-28       2.33998661e+02   293.1623
  7.610000   7610       1.45011434e-27       2.32719684e+02   291.5599
  7.620000   7620       3.96082773e-27       2.31213543e+02   289.6730
  7.630000   7630      -1.15052462e-28       2.33663281e+02   292.7421
  7.640000   7640      -7.93500569e-28       2.34073915e+02   293.2566
  7.650000   7650      -7.46267768e-28       2.34045724e+02   293.2212
  7.660000   7660      -7.21610160e-28       2.34030890e+02   293.2027
  7.670000   7670      -7.76771020e-28       2.34064097e+02   293.2443
  7.680000   7680      -8.70587445e-28       2.34120432e+02   293.3148
  7.690000   7690      -5.86096647e-28       2.33948322e+02   293.0992
  7.700000   7700       1.06696689e-27       2.32954509e+02   291.8541
  7.710000   7710       6.60084469e-28       2.33198540e+02   292.1599
  7.720000   7720      -6.57999082e-28       2.33991868e+02   293.1538
  7.730000   7730      -7.39386066e-28       2.34041507e+02   293.2160
  7.740000   7740      -6.41069208e-28       2.33982393e+02   293.1419
  7.750000   7750      -6.24846558e-28       2.33972621e+02   293.1297
  7.760000   7760      -6.97682383e-28       2.34016474e+02   293.1846
  7.770000   7770      -8.38820487e-28       2.34101440e+02   293.2910
  7.780000   7780      -9.66228405e-28       2.34177950e+02   293.3869
  7.790000   7790      -5.16710137e-28       2.33906060e+02   293.0463
  7.800000   7800       2.08612795e-27       2.32340681e+02   291.0851
  7.810000   7810       1.19306586e-27       2.32876808e+02   291.7568
  7.820000   7820      -1.13322279e-27       2.34277781e+02   293.5120
  7.830000   7830      -1.57863010e-27       2.34546619e+02   293.8488
  7.840000   7840      -1.00726309e-27       2.34200890e+02   293.4156
  7.850000   7850       2.57573956e-27       2.32046440e+02   290.7165
  7.860000   7860       1.03310050e-27       2.32970260e+02   291.8739
  7.870000   7870       1.37654615e-27       2.32765382e+02   291.6172
  7.880000   7880       2.43672003e-27       2.32129552e+02   290.8206
  7.890000   7890      -4.35909656e-28       2.33857484e+02   292.9854
  7.900000   7900      -1.73780674e-27       2.34642261e+02   293.9686
  7.910000   7910      -1.92796426e-27       2.34757010e+02   294.1124
  7.920000   7920      -1.42284402e-27       2.34452784e+02   293.7312
  7.930000   7930      -5.53085943e-28       2.33929983e+02   293.0762
  7.940000   7940      -8.62247348e-28       2.34115432e+02   293.3086
  7.950000   7950      -1.35140492e-27       2.34409846e+02   293.6774
  7.960000   7960      -1.36305982e-27       2.34417120e+02   293.6865
  7.970000   7970      -1.29173331e-27       2.34374138e+02   293.6327
  7.980000   7980      -1.01544840e-27       2.34206992e+02   293.4233
  7.990000   7990       8.62079455e-28       2.33076356e+02   292.0068
  8.000000   8000       1.63483377e-27       2.32612694e+02   291.4259
  8.010000   8010      -6.80822465e-28       2.34005047e+02   293.1703
  8.020000   8020      -1.10501506e-27       2.34261565e+02   293.4917
  8.030000   8030      -1.02891574e-27       2.34215904e+02   293.4344
  8.040000   8040      -9.24644935e-28       2.34153165e+02   293.3558
  8.050000   8050      -9.10075301e-28       2.34144416e+02   293.3449
  8.060000   8060      -1.02107612e-27       2.34211189e+02   293.4285
  8.070000   8070      -1.12052771e-27       2.34270917e+02   293.5034
  8.080000   8080      -7.78661082e-28       2.34064167e+02   293.2443
  8.090000   8090       1.39936048e-27       2.32752701e+02   291.6013
  8.100000   8100       3.73565727e-27       2.31341313e+02   289.8331
  8.110000   8110       5.24959367e-27       2.30437378e+02   288.7006
  8.120000   8120      -4.46085331e-28       2.33861666e+02   292.9906
  8.130000   8130      -5.13617430e-28       2.33905167e+02   293.0451
  8.140000   8140       3.32940146e-28       2.33396178e+02   292.4075
  8.150000   8150       1.98887188e-28       2.33476550e+02   292.5082
  8.160000   8160      -3.59844533e-28       2.33812745e+02   292.9294
  8.170000   8170      -5.56673228e-28       2.33931426e+02   293.0780
  8.180000   8180      -5.51804289e-28       2.33928582e+02   293.0745
  8.190000   8190      -5.23795974e-28       2.33911743e+02   293.0534
  8.200000   8200      -5.35246797e-28       2.33918645e+02   293.0620
  8.210000   8210      -5.96219314e-28       2.33955338e+02   293.1080
  8.220000   8220      -6.32918411e-28       2.33977223e+02   293.1354
  8.230000   8230      -1.26160235e-28       2.33671189e+02   292.7520
  8.240000   8240       1.86531648e-27       2.32473846e+02   291.2519
  8.250000   8250       1.22126135e-27       2.32860340e+02   291.7361
  8.260000   8260      -3.56845145e-28       2.33810443e+02   292.9265
  8.270000   8270      -5.70281342e-28       2.33939625e+02   293.0883
  8.280000   8280      -5.16600377e-28       2.33907414e+02   293.0480
  8.290000   8290      -4.97620222e-28       2.33895987e+02   293.0336
  8.300000   8300      -5.32878082e-28       2.33917207e+02   293.0602
  8.310000   8310      -5.99644317e-28       2.33957402e+02   293.1106
  8.320000   8320      -6.74315641e-28       2.34002362e+02   293.1669
  8.330000   8330      -7.39470258e-28       2.34041593e+02   293.2161
  8.340000   8340      -7.84625162e-28       2.34068784e+02   293.2501
  8.350000   8350      -8.06082876e-28       2.34081707e+02   293.2663
  8.360000   8360      -8.05502702e-28       2.34081361e+02   293.2659
  8.370000   8370      -7.88938927e-28       2.34071392e+02   293.2534
  8.380000   8380      -7.68945535e-28       2.34059362e+02   293.2383
  8.390000   8390      -7.64549731e-28       2.34056721e+02   293.2350
  8.400000   8400      -7.82694496e-28       2.34067624e+02   293.2487
  8.410000   8410      -7.76556039e-28       2.34063890e+02   293.2440
  8.420000   8420      -6.98604689e-28       2.34017021e+02   293.1853
  8.430000   8430      -6.61434121e-28       2.33994639e+02   293.1572
  8.440000   8440      -6.68895036e-28       2.33999057e+02   293.1628
  8.450000   8450      -6.08672566e-28       2.33962829e+02   293.1174
  8.460000   8460      -5.32545341e-28       2.33917015e+02   293.0600
  8.470000   8470      -4.99464482e-28       2.33897094e+02   293.0350
  8.480000   8480      -5.15691406e-28       2.33906863e+02   293.0473
  8.490000   8490      -5.76302716e-28       2.33943368e+02   293.0930
  8.500000   8500      -6.89964266e-28       2.34011826e+02   293.1788
  8.510000   8510      -8.62034033e-28       2.34115349e+02   293.3085
  8.520000   8520      -7.28926328e-28       2.34033803e+02   293.2063
  8.530000   8530       2.53717719e-27       2.32066969e+02   290.7422
  8.540000   8540       2.19024381e-27       2.32275078e+02   291.0029
  8.550000   8550      -5.89681100e-28       2.33948940e+02   293.1000
  8.560000   8560       1.51116518e-27       2.32686359e+02   291.5182
  8.570000   8570       1.37309413e-27       2.32769124e+02   291.6219
  8.580000   8580      -7.57494177e-28       2.34051450e+02   293.2284
  8.590000   8590      -1.08641119e-27       2.34250387e+02   293.4777
  8.600000   8600      -9.99314404e-28       2.34198053e+02   293.4121
  8.610000   8610      -8.44823325e-28       2.34105074e+02   293.2956
  8.620000   8620      -7.56899311e-28       2.34052188e+02   293.2293
  8.630000   8630      -8.38081449e-28       2.34100992e+02   293.2905
  8.640000   8640      -9.44219460e-28       2.34164841e+02   293.3705
  8.650000   8650      -9.38751155e-28       2.34161577e+02   293.3664
  8.660000   8660      -8.66860992e-28       2.34118337e+02   293.3122
  8.670000   8670      -8.28386570e-28       2.34095187e+02   293.2832
  8.680000   8680      -8.62179832e-28       2.34115520e+02   293.3087
  8.690000   8690      -9.37659686e-28       2.34160958e+02   293.3656
  8.700000   8700      -1.02023650e-27       2.34210685e+02   293.4279
  8.710000   8710      -1.10400322e-27       2.34261137e+02   293.4911
  8.720000   8720      -1.20157835e-27       2.34319910e+02   293.5648
  8.730000   8730      -1.33703852e-27       2.34401495e+02   293.6670
  8.740000   8740      -1.49967957e-27       2.34499213e+02   293.7894
  8.750000   8750      -9.19678658e-28       2.34147372e+02   293.3486
  8.760000   8760       3.61020670e-27       2.31426745e+02   289.9401
  8.770000   8770       2.82560043e-28       2.33421979e+02   292.4398
  8.780000   8780      -1.13355981e-27       2.34278289e+02   293.5126
  8.790000   8790      -7.37296057e-28       2.34040344e+02   293.2145
  8.800000   8800      -4.78179874e-28       2.33884391e+02   293.0191
  8.810000   8810      -6.05764574e-28       2.33961084e+02   293.1152
  8.820000   8820      -8.37408485e-28       2.34100516e+02   293.2899
  8.830000   8830      -9.73484076e-28       2.34182492e+02   293.3926
  8.840000   8840      -1.03599384e-27       2.34220170e+02   293.4398
  8.850000   8850      -1.08446812e-27       2.34249365e+02   293.4764
  8.860000   8860      -1.11778553e-27       2.34269348e+02   293.5014
  8.870000   8870      -9.44087536e-28       2.34164393e+02   293.3699
  8.880000   8880       7.53069536e-29       2.33550215e+02   292.6004
  8.890000   8890       1.38152321e-27       2.32765160e+02   291.6169
  8.900000   8900       4.43111901e-28       2.33328541e+02   292.3227
  8.910000   8910      -3.53031182e-29       2.33617315e+02   292.6845
  8.920000   8920      -3.33307313e-28       2.33796751e+02   292.9093
  8.930000   8930      -1.25005677e-28       2.33669075e+02   292.7494
  8.940000   8940       3.12163398e-27       2.31719276e+02   290.3066
  8.950000   8950       3.90557216e-28       2.33358094e+02   292.3598
  8.960000   8960      -8.85241305e-28       2.34127829e+02   293.3241
  8.970000   8970       7.28304748e-28       2.33158465e+02   292.1097
  8.980000   8980       3.57594901e-28       2.33380722e+02   292.3881
  8.990000   8990      -8.75580347e-28       2.34122955e+02   293.3180
  9.000000   9000      -1.01659093e-27       2.34208414e+02   293.4251
  9.010000   9010      -9.33076699e-28       2.34158219e+02   293.3622
  9.020000   9020      -8.79992002e-28       2.34126239e+02   293.3221
  9.030000   9030      -8.48648949e-28       2.34107348e+02   293.2984
  9.040000   9040      -8.12281266e-28       2.34085455e+02   293.2710
  9.050000   9050      -7.81617231e-28       2.34066992e+02   293.2479
  9.060000   9060      -7.59535950e-28       2.34053676e+02   293.2312
  9.070000   9070      -7.17255189e-28       2.34028210e+02   293.1993
  9.080000   9080      -6.47792088e-28       2.33986391e+02   293.1469
  9.090000   9090      -5.73043563e-28       2.33941387e+02   293.0905
  9.100000   9100      -5.11918225e-28       2.33904579e+02   293.0444
  9.110000   9110      -4.69891319e-28       2.33879268e+02   293.0127
  9.120000   9120      -4.45091756e-28       2.33864332e+02   292.9940
  9.130000   9130      -4.34540273e-28       2.33857977e+02   292.9860
  9.140000   9140      -4.36983415e-28       2.33859449e+02   292.9879
  9.150000   9150      -4.53945834e-28       2.33869667e+02   293.0007
  9.160000   9160      -4.90588274e-28       2.33891738e+02   293.0283
  9.170000   9170      -5.57186580e-28       2.33931853e+02   293.0786
  9.180000   9180      -6.71040957e-28       2.34000430e+02   293.1645
  9.190000   9190      -8.54425728e-28       2.34110870e+02   293.3029
  9.200000   9200      -1.10085870e-27       2.34259183e+02   293.4887
  9.210000   9210      -1.16510365e-27       2.34297290e+02   293.5364
  9.220000   9220       1.03570132e-28       2.33532579e+02   292.5784
  9.230000   9230       2.15173095e-27       2.32300638e+02   291.0349
  9.240000   9240       3.36575676e-27       2.31567020e+02   290.1158
  9.250000   9250       2.90897669e-27       2.31844049e+02   290.4629
  9.260000   9260      -8.64387338e-28       2.34115011e+02   293.3080
  9.270000   9270      -1.44990944e-27       2.34469204e+02   293.7518
  9.280000   9280      -1.36728889e-27       2.34419729e+02   293.6898
  9.290000   9290      -1.32997485e-27       2.34397221e+02   293.6616
  9.300000   9300      -1.21318733e-27       2.34326200e+02   293.5726
  9.310000   9310       4.54264438e-28       2.33321059e+02   292.3134
  9.320000   9320       1.99346685e-27       2.32397728e+02   291.1566
  9.330000   9330      -7.82811378e-28       2.34066094e+02   293.2468
  9.340000   9340      -1.35686203e-27       2.34413213e+02   293.6816
  9.350000   9350      -1.34414056e-27       2.34405781e+02   293.6723
  9.360000   9360      -1.37420621e-27       2.34423892e+02   293.6950
  9.370000   9370      -1.48221223e-27       2.34488894e+02   293.7765
  9.380000   9380      -1.55986925e-27       2.34535400e+02   293.8347
  9.390000   9390      -1.03186274e-27       2.34216790e+02   293.4356
  9.400000   9400       5.63574893e-28       2.33257944e+02   292.2343
  9.410000   9410       1.35858701e-28       2.33514013e+02   292.5551
  9.420000   9420      -6.33591244e-28       2.33977546e+02   293.1358
  9.430000   9430      -9.82656922e-28       2.34187989e+02   293.3995
  9.440000   9440      -1.28785646e-27       2.34371823e+02   293.6298
  9.450000   9450      -1.55811765e-27       2.34534568e+02   293.8337
  9.460000   9460      -1.64196184e-27       2.34584297e+02   293.8960
  9.470000   9470      -1.35521319e-28       2.33677453e+02   292.7599
  9.480000   9480       1.71053442e-28       2.33493726e+02   292.5297
  9.490000   9490      -1.60129456e-27       2.34559378e+02   293.8648
  9.500000   9500      -1.30796771e-27       2.34384022e+02   293.6451
  9.510000   9510      -1.03990933e-27       2.34222753e+02   293.4430
  9.520000   9520      -1.21650799e-27       2.34328760e+02   293.5758
  9.530000   9530      -1.25016616e-27       2.34349081e+02   293.6013
  9.540000   9540      -1.14335360e-27       2.34284837e+02   293.5208
  9.550000   9550      -1.04413996e-27       2.34225110e+02   293.4460
  9.560000   9560      -1.00088962e-27       2.34199061e+02   293.4133
  9.570000   9570      -1.00863156e-27       2.34203706e+02   293.4192
  9.580000   9580      -1.03362933e-27       2.34218737e+02   293.4380
  9.590000   9590      -1.03489497e-27       2.34219492e+02   293.4389
  9.600000   9600      -9.99104815e-28       2.34197951e+02   293.4120
  9.610000   9610      -9.46719620e-28       2.34166418e+02   293.3725
  9.620000   9620      -9.03533865e-28       2.34140413e+02   293.3399
  9.630000   9630      -8.75837966e-28       2.34123732e+02   293.3190
  9.640000   9640      -8.59412602e-28       2.34113838e+02   293.3066
  9.650000   9650      -8.50110839e-28       2.34108235e+02   293.2996
  9.660000   9660      -8.45194461e-28       2.34105273e+02   293.2958
  9.670000   9670      -8.42244427e-28       2.34103495e+02   293.2936
  9.680000   9680      -8.38822292e-28       2.34101434e+02   293.2910
  9.690000   9690      -8.33236295e-28       2.34098070e+02   293.2868
  9.700000   9700      -8.26041095e-28       2.34093739e+02   293.2814
  9.710000   9710      -8.21588259e-28       2.34091062e+02   293.2780
  9.720000   9720      -8.28693714e-28       2.34095347e+02   293.2834
  9.730000   9730      -8.57546538e-28       2.34112722e+02   293.3052
  9.740000   9740      -9.03164709e-28       2.34140163e+02   293.3396
  9.750000   9750      -8.97604195e-28       2.34136722e+02   293.3352
  9.760000   9760      -6.77576842e-28       2.34004204e+02   293.1692
  9.770000   9770      -3.20138500e-28       2.33789307e+02   292.9000
  9.780000   9780      -4.28790769e-28       2.33854589e+02   292.9818
  9.790000   9790      -7.80988326e-28       2.34066454e+02   293.2472
  9.800000   9800      -9.02548251e-28       2.34139755e+02   293.3390
  9.810000   9810      -9.03910630e-28       2.34140653e+02   293.3402
  9.820000   9820      -9.34993166e-28       2.34159372e+02   293.3636
  9.830000   9830      -9.81360238e-28       2.34187112e+02   293.3984
  9.840000   9840      -6.44121750e-28       2.33983581e+02   293.1434
  9.850000   9850       4.09375221e-28       2.33350573e+02   292.3503
  9.860000   9860      -2.11792389e-28       2.33723549e+02   292.8176
  9.870000   9870      -8.97651336e-28       2.34135418e+02   293.3336
  9.880000   9880       7.15821133e-28       2.33165987e+02   292.1191
  9.890000   9890       2.76788704e-28       2.33429246e+02   292.4489
  9.900000   9900      -1.04078470e-27       2.34222368e+02   293.4425
  9.910000   9910      -1.04833343e-27       2.34227561e+02   293.4491
  9.920000   9920      -8.84920914e-28       2.34129253e+02   293.3259
  9.930000   9930      -8.31310974e-28       2.34096966e+02   293.2854
  9.940000   9940      -8.93773155e-28       2.34134545e+02   293.3325
  9.950000   9950      -1.00077665e-27       2.34198949e+02   293.4132
  9.960000   9960      -1.07963124e-27       2.34246421e+02   293.4727
  9.970000   9970      -1.09678271e-27       2.34256748e+02   293.4856
  9.980000   9980      -1.05348739e-27       2.34230688e+02   293.4530
  9.990000   9990      -9.86645750e-28       2.34190463e+02   293.4026
 10.000000  10000      -9.63532569e-28       2.34176568e+02   293.3852
